count,b,a_0,a_1,a_2,a_3,a_4,a_5,a_6,a_7,a_8,a_9,a_10,a_11,a_12,a_13,a_14,a_15,a_16,a_17,a_18,a_19,a_20,a_21,a_22,a_23,a_24,a_25,a_26,a_27
2,-7.25,3.25,2.87,2.50,5.75,1.75,5.00,1.00,4.25,1.46,3.50,4.33,2.75,6.00,2.00,5.25,1.25,4.50,2.92,3.75,5.79,3.00,6.25,2.25,5.50,1.50,4.75,4.37,4.00
1,-9.67,3.33,6.67,5.17,3.67,7.00,5.50,4.00,2.50,1.00,4.33,7.67,6.17,4.67,8.00,1.67,5.00,3.50,2.00,5.33,8.67,7.17,5.67,4.17,2.67,6.00,4.50,3.00,6.33
1,-4.46,2.85,3.46,2.96,2.46,3.08,1.46,3.19,2.69,3.31,1.69,2.31,2.92,1.31,1.92,2.54,3.15,1.54,2.15,2.77,1.15,1.77,1.27,3.00,1.38,2.00,1.50,1.00,1.62
13,-29.00,9.00,18.00,27.00,7.00,16.00,25.00,5.00,14.00,23.00,3.00,12.00,21.00,1.00,10.00,19.00,28.00,8.00,17.00,26.00,6.00,15.00,24.00,4.00,13.00,22.00,2.00,11.00,20.00
1,-7.25,3.50,5.55,3.25,3.85,3.00,2.15,2.75,6.25,2.50,6.00,2.25,4.30,2.00,5.50,1.75,5.25,2.95,5.00,1.25,4.75,1.00,4.50,5.10,4.25,3.40,4.00,1.70,3.75
1,-9.67,6.33,3.00,6.92,6.00,2.67,4.17,5.67,2.33,8.67,5.33,2.00,8.33,5.00,1.67,8.00,4.67,1.33,7.67,4.33,1.00,7.33,4.00,5.50,7.00,3.67,2.75,6.67,3.33
1,-7.91,2.73,5.45,5.55,3.00,5.73,3.18,5.91,3.36,3.45,3.55,1.00,3.73,1.18,3.91,4.00,6.73,4.18,6.91,4.36,4.45,4.55,2.00,4.73,2.18,4.91,2.36,2.45,5.18
1,-7.25,3.25,4.69,2.50,5.75,1.75,3.19,1.00,4.25,5.69,3.50,3.12,2.75,4.19,2.00,5.25,3.06,4.50,4.12,3.75,1.56,3.00,6.25,4.06,5.50,1.50,4.75,2.56,4.00
1,-4.64,1.60,3.20,3.64,1.76,3.36,2.64,3.08,2.36,1.64,2.08,1.36,2.96,1.08,2.68,1.96,3.56,1.68,3.28,2.56,3.00,2.28,1.56,2.00,1.28,2.88,1.00,1.44,3.04
1,-14.50,5.75,11.50,10.00,8.50,7.00,5.50,4.00,2.50,1.00,6.75,12.50,11.00,9.50,8.00,6.50,5.00,3.50,2.00,7.75,13.50,12.00,10.50,9.00,7.50,6.00,4.50,3.00,8.75
1,-9.67,8.67,7.67,6.67,5.67,4.67,3.67,2.67,1.67,5.50,4.50,8.33,7.33,6.33,5.33,4.33,3.33,2.33,1.33,5.17,4.17,8.00,7.00,6.00,5.00,4.00,3.00,2.00,1.00
1,-3.00,1.00,2.00,2.00,1.00,2.00,2.00,2.00,2.00,2.00,2.00,2.00,1.00,2.00,2.00,1.00,1.00,2.00,1.00,1.00,1.00,1.00,1.00,1.00,1.00,2.00,1.00,1.00,2.00
1,-7.25,1.25,2.50,3.75,5.00,6.25,5.69,1.50,2.75,4.00,5.25,4.69,4.12,1.75,3.00,4.25,5.50,3.12,2.56,2.00,3.25,4.50,5.75,1.56,1.00,2.25,3.50,4.75,6.00
1,-4.39,1.70,3.39,1.58,2.39,1.45,1.39,1.33,3.03,2.97,2.91,2.85,2.79,2.73,2.67,1.73,1.67,1.61,1.55,1.48,1.42,1.36,3.06,3.00,2.94,2.00,2.82,1.00,2.70
1,-14.50,6.75,13.50,5.75,12.50,4.75,11.50,11.00,10.50,10.00,9.50,9.00,8.50,8.00,7.50,7.00,6.50,6.00,5.50,5.00,4.50,4.00,3.50,3.00,9.75,2.00,8.75,1.00,7.75
1,-4.83,2.67,1.71,3.17,1.00,3.67,1.50,1.75,2.00,1.04,2.50,2.75,1.79,2.04,3.50,1.33,2.79,3.04,2.08,2.33,3.79,2.83,3.08,3.33,1.17,3.83,1.67,3.13,2.17
1,-5.80,2.40,4.80,4.30,3.80,3.30,2.80,2.30,4.70,1.30,3.70,3.20,2.70,2.20,4.60,1.20,3.60,3.10,2.60,2.10,4.50,1.10,3.50,3.00,2.50,2.00,1.50,1.00,3.40
1,-7.25,5.00,2.75,4.12,5.50,3.25,1.00,6.00,3.75,1.50,4.69,4.25,2.00,1.56,4.75,2.50,5.69,5.25,3.00,2.56,5.75,3.50,1.25,6.25,4.00,1.75,3.12,4.50,2.25
1,-14.50,6.00,12.00,3.50,9.50,1.00,7.00,13.00,4.50,10.50,2.00,8.00,6.75,5.50,11.50,3.00,9.00,7.75,6.50,12.50,4.00,10.00,1.50,7.50,13.50,5.00,11.00,2.50,8.50
1,-7.25,2.33,4.67,4.58,2.08,2.00,3.12,4.25,4.17,1.67,4.00,3.92,6.25,1.33,3.67,3.58,5.92,1.00,3.33,3.25,5.58,3.08,3.00,4.12,5.25,5.17,2.67,2.58,4.92
1,-11.60,1.00,2.00,3.00,4.00,5.00,6.00,7.00,8.00,3.20,4.20,5.20,6.20,7.20,8.20,3.40,4.40,5.40,6.40,7.40,8.40,3.60,4.60,5.60,6.60,7.60,8.60,9.60,10.60
1,-7.91,3.45,6.91,5.09,5.91,4.09,4.91,5.73,3.91,4.73,2.91,3.73,1.91,2.73,6.18,1.73,5.18,6.00,4.18,5.00,3.18,4.00,2.18,3.00,3.82,2.00,2.82,1.00,4.45
1,-9.67,3.67,2.50,6.17,5.00,8.67,7.50,6.33,5.17,4.00,7.67,6.50,5.33,4.17,3.00,6.67,5.50,4.33,3.17,2.00,5.67,4.50,3.33,2.17,1.00,4.67,3.50,7.17,6.00
1,-7.25,6.25,5.25,4.25,3.25,2.25,1.25,3.87,2.87,1.87,2.69,3.50,2.50,5.12,4.12,3.12,2.12,4.75,3.75,4.56,5.37,4.37,3.37,6.00,5.00,4.00,3.00,2.00,1.00
1,-7.25,1.00,2.00,3.00,4.00,5.00,6.00,5.19,4.37,1.75,2.75,3.75,4.75,5.75,3.12,4.12,1.50,2.50,3.50,4.50,5.50,2.87,2.06,1.25,2.25,3.25,4.25,5.25,6.25
1,-9.67,3.67,7.33,6.17,5.00,8.67,2.67,6.33,5.17,4.00,7.67,1.67,5.33,6.58,3.00,6.67,3.08,4.33,8.00,2.00,5.67,4.50,3.33,7.00,1.00,4.67,3.50,2.33,6.00
1,-7.25,2.00,4.00,4.19,4.37,2.75,4.75,3.12,1.50,3.50,5.50,2.06,2.25,4.25,6.25,1.00,3.00,5.00,5.19,1.75,3.75,5.75,4.12,2.50,4.50,2.87,3.06,3.25,5.25
1,-7.25,4.75,2.25,3.37,4.50,2.00,3.12,4.25,5.37,2.87,4.00,5.12,6.25,3.75,1.25,6.00,3.50,1.00,2.12,3.25,4.37,1.87,3.00,4.12,5.25,2.75,3.87,5.00,2.50
2,-9.67,1.00,2.00,3.00,4.00,5.00,6.00,7.00,8.00,5.78,6.78,4.56,2.33,3.33,4.33,5.33,6.33,7.33,5.11,2.89,3.89,1.67,2.67,3.67,4.67,5.67,6.67,7.67,8.67
18,-29.00,25.00,21.00,17.00,13.00,9.00,5.00,1.00,26.00,22.00,18.00,14.00,10.00,6.00,2.00,27.00,23.00,19.00,15.00,11.00,7.00,3.00,28.00,24.00,20.00,16.00,12.00,8.00,4.00
1,-4.83,1.50,1.79,3.29,1.17,2.67,1.75,3.25,2.33,3.83,1.71,2.00,3.50,2.58,1.67,3.17,2.25,1.33,2.83,3.13,1.00,2.50,1.58,3.08,2.17,3.67,1.54,3.04,3.33
16,-29.00,26.00,23.00,20.00,17.00,14.00,11.00,8.00,5.00,2.00,28.00,25.00,22.00,19.00,16.00,13.00,10.00,7.00,4.00,1.00,27.00,24.00,21.00,18.00,15.00,12.00,9.00,6.00,3.00
14,-29.00,15.00,1.00,16.00,2.00,17.00,3.00,18.00,4.00,19.00,5.00,20.00,6.00,21.00,7.00,22.00,8.00,23.00,9.00,24.00,10.00,25.00,11.00,26.00,12.00,27.00,13.00,28.00,14.00
1,-9.67,4.17,3.50,7.67,2.17,1.50,5.67,5.00,4.33,3.67,3.00,7.17,6.50,1.00,5.17,4.50,8.67,3.17,2.50,6.67,6.00,5.33,4.67,4.00,8.17,7.50,2.00,6.17,5.50
1,-9.67,8.00,6.33,4.67,3.00,1.33,2.89,7.67,6.00,4.33,2.67,1.00,5.78,7.33,5.67,4.00,2.33,3.89,8.67,7.00,5.33,3.67,2.00,6.78,8.33,6.67,5.00,3.33,1.67
1,-4.64,1.80,3.60,1.92,2.56,2.04,1.52,1.00,2.80,3.44,1.76,2.40,3.04,1.36,2.00,2.64,3.28,1.60,2.24,2.88,1.20,1.84,3.64,3.12,2.60,2.08,2.72,1.04,2.84
1,-4.68,3.18,1.68,1.58,2.89,1.39,3.16,3.06,1.56,1.00,1.84,2.68,2.58,1.55,1.45,3.23,3.13,2.10,2.00,2.84,3.68,3.11,1.61,1.52,3.29,1.79,3.10,3.00,1.50
1,-6.69,4.54,2.38,4.69,4.77,3.73,2.69,5.00,3.96,2.92,3.00,4.19,2.04,1.00,4.42,2.27,5.69,4.65,2.50,3.69,3.77,2.73,1.69,4.00,2.96,1.92,2.00,4.31,2.15
1,-9.67,2.67,5.33,8.00,1.00,3.67,6.33,4.17,2.00,4.67,7.33,2.75,3.00,5.67,8.33,1.33,4.00,6.67,6.92,2.33,5.00,7.67,5.50,3.33,6.00,8.67,1.67,4.33,7.00
5,-14.50,7.75,1.00,1.50,2.00,2.50,3.00,3.50,4.00,4.50,5.00,5.50,6.00,6.50,7.00,7.50,8.00,8.50,9.00,9.50,10.00,10.50,11.00,11.50,12.00,12.50,13.00,13.50,6.75
1,-6.30,4.30,4.83,2.83,3.35,3.87,4.39,3.65,2.91,3.43,1.43,4.48,2.48,3.00,1.00,5.30,3.30,3.83,1.83,4.87,2.87,3.39,2.65,1.91,2.43,2.96,3.48,1.48,2.00
1,-7.25,1.00,2.00,3.00,4.00,5.00,6.00,3.37,4.37,5.37,2.75,3.75,4.75,5.75,3.12,4.12,1.50,2.50,3.50,4.50,1.87,2.87,3.87,1.25,2.25,3.25,4.25,5.25,6.25
1,-9.67,8.67,7.67,6.67,5.67,4.67,3.67,2.67,1.67,3.89,2.89,8.33,7.33,6.33,5.33,4.33,3.33,2.33,1.33,6.78,5.78,8.00,7.00,6.00,5.00,4.00,3.00,2.00,1.00
2,-14.50,8.00,1.50,9.50,3.00,11.00,4.50,12.50,6.00,6.75,7.50,1.00,9.00,2.50,10.50,4.00,12.00,5.50,13.50,7.00,7.75,8.50,2.00,10.00,3.50,11.50,5.00,13.00,6.50
1,-5.27,1.73,3.45,2.55,4.27,2.05,2.45,4.18,3.27,2.36,4.09,3.18,2.27,4.00,3.09,2.18,1.27,3.00,2.09,1.18,2.91,2.00,1.09,2.82,3.23,1.00,2.73,1.82,3.55
1,-5.44,1.69,1.56,3.25,3.12,1.19,2.88,2.75,4.44,4.31,2.37,2.25,2.12,2.00,1.88,3.56,3.44,3.31,3.19,3.06,1.12,1.00,2.69,2.56,4.25,2.31,2.19,3.88,3.75
1,-9.67,3.33,6.67,5.17,3.67,7.00,3.08,4.00,7.33,1.00,4.33,7.67,6.17,4.67,5.58,4.08,5.00,3.50,2.00,5.33,8.67,2.33,5.67,6.58,2.67,6.00,4.50,3.00,6.33
1,-14.50,9.50,4.50,6.75,9.00,4.00,13.50,8.50,10.75,5.75,8.00,3.00,12.50,7.50,9.75,4.75,7.00,2.00,11.50,6.50,8.75,3.75,6.00,1.00,10.50,5.50,7.75,10.00,5.00
1,-5.58,4.27,2.96,2.77,2.58,2.38,2.19,2.00,3.48,2.73,1.42,4.58,4.38,4.19,3.44,2.13,1.38,1.19,1.00,4.15,2.85,2.10,3.58,3.38,3.19,3.00,2.81,2.62,1.31
1,-5.80,4.80,3.80,2.80,1.80,1.44,1.09,4.60,3.60,2.60,2.89,2.53,2.18,4.40,3.40,2.40,1.40,3.62,3.27,2.91,3.20,2.20,1.20,4.71,4.36,4.00,3.00,2.00,1.00
1,-9.67,7.00,4.33,1.67,8.67,6.00,3.33,5.50,7.67,5.00,2.33,6.92,6.67,4.00,1.33,8.33,5.67,3.00,2.75,7.33,4.67,2.00,4.17,6.33,3.67,1.00,8.00,5.33,2.67
1,-9.67,6.17,7.50,4.00,5.33,6.67,3.17,4.50,1.00,2.33,3.67,5.00,6.33,7.67,4.17,5.50,2.00,3.33,4.67,6.00,7.33,8.67,5.17,6.50,3.00,4.33,5.67,2.17,3.50
1,-3.00,2.00,2.00,2.00,2.00,1.00,2.00,2.00,1.00,2.00,1.00,2.00,2.00,2.00,1.00,2.00,1.00,1.00,1.00,2.00,1.00,2.00,1.00,1.00,2.00,1.00,1.00,1.00,1.00
1,-7.25,4.50,1.75,6.25,3.50,4.37,5.25,2.50,5.19,4.25,1.50,6.00,3.25,4.12,5.00,2.25,3.12,4.00,1.25,5.75,3.00,2.06,4.75,2.00,2.87,3.75,1.00,5.50,2.75
1,-6.21,3.93,1.64,2.46,3.29,1.00,4.93,2.64,2.43,2.21,2.00,1.79,3.64,3.43,3.21,3.00,2.79,2.57,4.43,4.21,4.00,3.79,3.57,1.29,5.21,2.93,3.75,4.57,2.29
1,-6.30,4.30,4.83,2.83,3.35,3.87,1.87,3.65,1.65,3.43,1.43,4.48,2.48,3.00,1.00,5.30,3.30,3.83,1.83,4.87,2.87,4.65,2.65,4.43,2.43,2.96,3.48,1.48,2.00
1,-9.67,7.33,5.00,2.67,5.17,7.67,5.33,3.00,5.50,8.00,5.67,3.33,1.00,8.33,6.00,3.67,1.33,8.67,6.33,4.00,1.67,4.17,6.67,4.33,2.00,4.50,7.00,4.67,2.33
1,-5.00,2.00,4.00,2.00,3.00,2.00,2.00,2.00,2.00,2.00,4.00,4.00,4.00,3.00,3.00,2.00,2.00,1.00,1.00,1.00,3.00,3.00,3.00,3.00,3.00,2.00,3.00,1.00,3.00
1,-6.04,4.79,3.54,2.29,1.04,1.00,4.58,3.33,2.08,2.04,2.00,4.38,3.13,1.88,3.04,3.00,4.17,2.92,1.67,4.04,4.00,3.96,2.71,1.46,5.04,5.00,3.75,2.50,1.25
1,-5.80,2.30,4.60,4.00,3.40,2.80,2.20,1.60,1.00,3.30,1.25,3.55,4.40,3.80,3.20,2.60,2.00,1.40,2.25,4.55,2.50,4.80,4.20,3.60,3.00,2.40,1.80,1.20,3.50
1,-9.67,4.00,1.56,5.56,3.11,7.11,4.67,8.67,3.00,7.00,4.56,5.33,6.11,3.67,7.67,2.00,6.00,3.56,4.33,5.11,2.67,6.67,1.00,5.00,2.56,6.56,4.11,8.11,5.67
1,-6.04,3.54,1.04,4.58,2.08,2.00,3.13,3.04,4.17,1.67,4.00,2.71,5.04,3.75,1.25,4.79,2.29,1.00,3.33,2.04,4.38,1.88,3.00,2.92,4.04,3.96,1.46,5.00,2.50
1,-9.67,6.17,2.67,4.00,5.33,6.67,8.00,4.50,1.00,2.33,3.67,5.00,6.33,7.67,4.17,5.50,2.00,3.33,4.67,6.00,7.33,8.67,5.17,1.67,3.00,4.33,5.67,7.00,3.50
1,-5.37,1.44,2.89,2.19,3.63,4.00,4.37,1.52,1.89,3.33,2.63,3.00,3.37,3.74,1.96,3.41,1.63,2.00,2.37,2.74,2.04,3.48,3.85,1.00,1.37,1.74,3.19,2.48,3.93
1,-7.25,4.25,4.87,1.87,2.50,3.12,3.75,4.37,1.37,2.00,6.25,3.25,3.87,4.50,1.50,5.75,2.75,3.37,4.00,1.00,5.25,5.87,2.87,3.50,4.12,4.75,5.37,2.37,3.00
1,-7.25,2.06,4.12,4.37,1.00,1.25,1.50,1.75,2.00,2.25,2.50,2.75,3.00,3.25,3.50,3.75,4.00,4.25,4.50,4.75,5.00,5.25,5.50,5.75,6.00,6.25,2.87,3.12,5.19
3,-14.50,8.75,3.00,4.50,6.00,7.50,9.00,10.50,12.00,13.50,7.75,2.00,3.50,5.00,6.50,8.00,9.50,11.00,12.50,6.75,1.00,2.50,4.00,5.50,7.00,8.50,10.00,11.50,5.75
1,-7.25,4.12,1.00,5.12,2.00,4.31,3.00,3.50,4.00,2.69,3.19,1.87,4.19,1.06,5.19,2.06,6.19,3.06,5.37,4.06,4.56,3.25,3.75,4.25,2.94,5.25,2.12,6.25,3.12
2,-14.50,10.00,5.50,1.00,11.00,6.50,2.00,12.00,7.50,3.00,5.75,8.50,4.00,6.75,9.50,5.00,7.75,10.50,6.00,8.75,11.50,7.00,2.50,12.50,8.00,3.50,13.50,9.00,4.50
11,-29.00,18.00,7.00,25.00,14.00,3.00,21.00,10.00,28.00,17.00,6.00,24.00,13.00,2.00,20.00,9.00,27.00,16.00,5.00,23.00,12.00,1.00,19.00,8.00,26.00,15.00,4.00,22.00,11.00
1,-8.70,5.70,2.70,5.50,2.50,5.30,5.20,5.10,5.00,2.00,7.70,4.70,1.70,4.50,1.50,7.20,4.20,7.00,4.00,1.00,6.70,3.70,3.60,3.50,3.40,6.20,3.20,6.00,3.00
11,-29.00,27.00,25.00,23.00,21.00,19.00,17.00,15.00,13.00,11.00,9.00,7.00,5.00,3.00,1.00,28.00,26.00,24.00,22.00,20.00,18.00,16.00,14.00,12.00,10.00,8.00,6.00,4.00,2.00
1,-7.25,3.50,1.56,3.25,3.12,3.00,4.69,2.75,6.25,2.50,6.00,2.25,5.75,2.00,5.50,1.75,5.25,1.50,5.00,1.25,4.75,1.00,4.50,2.56,4.25,4.12,4.00,5.69,3.75
1,-9.67,1.00,2.00,3.00,4.00,5.00,6.00,2.17,3.17,4.17,5.17,6.17,7.17,8.17,4.33,5.33,1.50,2.50,3.50,4.50,5.50,6.50,7.50,3.67,4.67,5.67,6.67,7.67,8.67
12,-29.00,2.00,4.00,6.00,8.00,10.00,12.00,14.00,16.00,18.00,20.00,22.00,24.00,26.00,28.00,1.00,3.00,5.00,7.00,9.00,11.00,13.00,15.00,17.00,19.00,21.00,23.00,25.00,27.00
1,-9.67,7.33,5.00,2.67,5.17,7.67,5.33,3.00,5.50,3.17,5.67,3.33,1.00,8.33,6.00,3.67,1.33,8.67,6.33,4.00,6.50,4.17,6.67,4.33,2.00,4.50,7.00,4.67,2.33
1,-5.80,2.10,4.20,3.40,2.60,2.77,1.00,1.17,2.30,4.40,3.60,2.80,2.00,1.20,2.33,3.47,4.60,3.80,3.00,2.20,1.40,3.50,4.63,4.80,3.03,3.20,2.40,1.60,3.70
1,-6.00,3.00,3.00,2.00,2.00,2.00,4.00,4.00,4.00,4.00,4.00,1.00,2.00,4.00,3.00,3.00,2.00,4.00,5.00,2.00,2.00,2.00,2.00,2.00,4.00,4.00,4.00,3.00,3.00
1,-7.25,1.50,3.00,4.50,6.00,2.06,3.56,3.25,4.75,6.25,4.12,2.00,3.50,5.00,4.69,2.56,2.25,3.75,5.25,3.12,1.00,2.50,4.00,3.69,5.19,1.25,2.75,4.25,5.75
1,-7.25,2.50,5.00,3.87,2.75,5.25,4.12,3.00,1.87,4.37,3.25,2.12,1.00,3.50,6.00,1.25,3.75,6.25,5.12,4.00,2.87,5.37,4.25,3.12,2.00,4.50,3.37,2.25,4.75
2,-8.70,6.00,6.20,3.50,3.70,1.00,7.00,7.20,4.50,4.70,2.00,5.10,5.30,5.50,5.70,3.00,3.20,3.40,3.60,6.70,4.00,4.20,1.50,1.70,7.70,5.00,5.20,2.50,2.70
2,-9.67,8.00,6.33,4.67,3.00,1.33,6.92,7.67,6.00,4.33,2.67,1.00,4.17,7.33,5.67,4.00,2.33,5.50,8.67,7.00,5.33,3.67,2.00,2.75,8.33,6.67,5.00,3.33,1.67
1,-9.67,3.56,7.11,1.00,4.56,1.67,2.00,5.56,2.67,3.00,3.33,3.67,4.00,4.33,4.67,5.00,5.33,5.67,6.00,6.33,6.67,7.00,4.11,7.67,8.00,5.11,8.67,2.56,6.11
12,-29.00,1.00,2.00,3.00,4.00,5.00,6.00,7.00,8.00,9.00,10.00,11.00,12.00,13.00,14.00,15.00,16.00,17.00,18.00,19.00,20.00,21.00,22.00,23.00,24.00,25.00,26.00,27.00,28.00
1,-4.14,1.90,1.05,2.95,2.10,1.24,3.14,2.29,2.81,2.64,1.10,3.00,2.14,2.67,1.81,2.33,1.48,2.00,1.14,3.05,1.50,1.33,1.86,1.00,2.90,2.05,1.19,3.10,2.24
1,-7.25,6.25,5.25,4.25,3.25,2.25,1.25,2.67,1.67,5.50,4.50,3.50,2.50,3.92,2.92,4.33,3.33,4.75,3.75,2.75,1.75,5.58,4.58,6.00,5.00,4.00,3.00,2.00,1.00
1,-9.67,3.67,7.33,6.17,5.00,8.67,7.50,6.33,5.17,4.00,7.67,6.50,5.33,4.17,3.00,6.67,5.50,4.33,3.17,2.00,5.67,4.50,3.33,2.17,1.00,4.67,3.50,2.33,6.00
1,-9.67,6.67,3.67,5.50,7.33,4.33,1.33,8.00,5.00,2.00,8.67,5.67,2.67,4.50,6.33,3.33,5.17,7.00,4.00,1.00,7.67,4.67,1.67,8.33,5.33,2.33,4.17,6.00,3.00
1,-9.67,7.67,5.67,3.67,1.67,6.11,7.33,5.33,3.33,4.56,2.56,7.00,5.00,3.00,1.00,8.67,6.67,4.67,2.67,7.11,5.11,6.33,4.33,2.33,3.56,8.00,6.00,4.00,2.00
1,-5.80,1.80,3.60,2.50,4.30,1.75,3.55,1.00,2.80,4.60,3.50,2.40,2.75,4.55,2.00,3.80,1.25,3.05,3.40,2.30,1.20,3.00,4.80,2.25,4.05,1.50,3.30,2.20,4.00
1,-5.80,2.40,4.80,2.85,3.80,3.30,2.80,3.75,1.80,4.20,2.25,3.20,1.25,2.20,1.70,4.10,3.60,4.55,2.60,3.55,1.60,4.00,2.05,3.00,2.50,2.00,2.95,1.00,3.40
2,-14.50,7.50,7.75,8.00,1.00,8.50,8.75,9.00,2.00,9.50,2.50,10.00,3.00,10.50,3.50,11.00,4.00,11.50,4.50,12.00,5.00,12.50,5.50,5.75,6.00,13.50,6.50,6.75,7.00
1,-7.25,1.75,3.50,5.25,3.37,5.12,3.25,5.00,3.12,4.87,3.00,1.12,2.87,1.00,2.75,4.50,6.25,4.37,6.12,4.25,2.37,4.12,2.25,4.00,2.12,3.87,2.00,3.75,5.50
1,-6.04,5.04,4.04,3.04,2.04,1.04,1.25,1.46,1.67,3.08,2.08,2.29,2.50,2.71,2.92,3.13,3.33,3.54,3.75,3.96,2.96,4.38,4.58,4.79,5.00,4.00,3.00,2.00,1.00
1,-8.29,6.86,5.43,4.00,2.57,5.29,3.86,2.43,1.00,3.71,2.29,5.00,3.57,6.29,4.86,3.43,2.00,4.71,3.29,6.00,4.57,7.29,5.86,4.43,3.00,5.71,4.29,2.86,1.43
1,-5.44,4.00,4.37,2.94,3.31,1.88,2.25,4.44,3.00,3.37,3.75,2.31,2.69,1.25,3.44,2.00,4.19,2.75,3.12,1.69,2.06,2.44,1.00,3.19,3.56,2.12,2.50,1.06,1.44
1,-7.25,1.75,3.50,5.25,1.82,3.57,3.25,5.00,3.64,1.25,3.00,4.75,5.46,1.00,2.75,4.50,6.25,1.79,2.50,4.25,6.00,3.61,2.25,4.00,3.68,5.43,2.00,3.75,5.50
1,-4.30,2.30,1.37,1.52,2.74,2.89,3.04,2.11,1.19,1.33,2.56,2.70,2.85,3.00,1.00,3.30,1.30,1.44,1.59,1.74,2.96,3.11,2.19,1.26,1.41,1.56,2.78,2.93,2.00
1,-3.00,2.00,2.00,2.00,1.00,1.00,2.00,2.00,2.00,1.00,2.00,2.00,2.00,1.00,1.00,2.00,2.00,1.00,1.00,1.00,2.00,1.00,1.00,1.00,2.00,2.00,1.00,1.00,1.00
1,-4.58,1.47,2.95,2.89,2.84,2.79,1.21,2.68,1.11,2.58,1.00,2.47,1.66,3.13,2.32,2.26,1.45,2.92,2.11,3.58,2.00,3.47,1.89,3.37,1.79,1.74,1.68,1.63,3.11
2,-14.50,3.00,6.00,9.00,12.00,7.75,3.50,6.50,9.50,12.50,1.00,4.00,7.00,10.00,5.75,8.75,4.50,7.50,10.50,13.50,2.00,5.00,8.00,11.00,6.75,2.50,5.50,8.50,11.50
1,-11.60,4.60,3.40,8.00,1.00,5.60,4.40,3.20,2.00,6.60,5.40,4.20,3.00,7.60,6.40,5.20,4.00,8.60,7.40,6.20,5.00,9.60,8.40,7.20,6.00,10.60,3.60,8.20,7.00
1,-7.25,5.75,4.25,2.75,3.06,1.56,3.69,4.00,2.50,1.00,3.12,5.25,3.75,2.25,2.56,4.69,5.00,3.50,2.00,4.12,6.25,4.75,3.25,3.56,5.69,4.19,4.50,3.00,1.50
1,-9.67,2.75,5.50,1.00,1.33,1.67,2.00,2.33,2.67,3.00,3.33,3.67,4.00,4.33,4.67,5.00,5.33,5.67,6.00,6.33,6.67,7.00,7.33,7.67,8.00,8.33,8.67,4.17,6.92
1,-14.50,8.00,8.75,9.50,3.00,11.00,4.50,12.50,6.00,6.75,7.50,1.00,9.00,9.75,10.50,4.00,4.75,5.50,13.50,7.00,7.75,8.50,2.00,10.00,3.50,11.50,5.00,5.75,6.50
1,-7.25,2.94,5.87,3.37,4.50,2.00,3.12,4.25,5.37,2.87,4.00,5.12,6.25,3.75,4.87,2.37,3.50,1.00,2.12,3.25,4.37,1.87,3.00,4.12,5.25,2.75,3.87,1.37,4.31
1,-6.44,4.00,1.56,2.33,3.11,3.89,4.67,5.44,3.00,3.78,4.56,3.72,2.89,3.67,4.44,2.00,2.78,3.56,2.72,1.89,2.67,3.44,1.00,1.78,2.56,3.33,4.11,4.89,2.44
1,-7.25,5.00,2.75,2.92,5.50,3.25,1.00,6.00,3.75,1.50,2.87,4.25,2.00,5.79,4.75,2.50,1.46,5.25,3.00,4.37,5.75,3.50,1.25,6.25,4.00,1.75,4.33,4.50,2.25
1,-6.30,4.35,3.65,1.70,1.00,4.72,3.39,2.70,2.00,5.09,3.13,2.43,3.00,2.30,4.13,2.17,4.00,3.30,3.87,3.17,1.22,4.30,3.61,2.91,1.59,5.30,4.61,2.65,1.96
1,-5.33,3.80,2.27,1.33,2.16,3.00,2.65,1.71,4.33,3.98,2.45,2.69,1.16,2.00,3.43,1.90,3.33,4.16,2.63,2.88,1.35,1.00,3.61,2.67,2.33,3.16,4.00,3.06,1.53
1,-7.25,4.12,1.00,5.12,2.00,2.50,3.00,3.50,4.00,4.50,5.00,5.50,2.37,2.87,3.37,3.87,4.37,4.87,1.75,2.25,2.75,3.25,3.75,4.25,4.75,5.25,2.12,6.25,3.12
1,-9.67,4.33,8.67,3.33,7.67,5.56,6.67,6.17,5.67,6.78,4.67,5.78,3.67,4.78,2.67,7.00,4.89,6.00,3.89,5.00,2.89,4.00,3.50,3.00,4.11,2.00,6.33,1.00,5.33
1,-7.25,3.31,3.00,4.50,6.00,5.69,1.75,3.25,4.75,6.25,4.12,2.00,3.50,5.00,4.69,2.56,2.25,3.75,5.25,3.12,1.00,2.50,4.00,5.50,1.56,1.25,2.75,4.25,3.94
1,-7.25,2.15,4.30,5.00,4.25,3.50,2.75,2.00,1.25,3.40,5.55,6.25,5.50,4.75,4.00,3.25,2.50,1.75,1.00,1.70,3.85,6.00,5.25,4.50,3.75,3.00,2.25,2.95,5.10
1,-7.25,4.37,5.12,5.87,3.00,3.75,4.50,5.25,2.37,3.12,3.87,1.00,5.37,2.50,3.25,4.00,4.75,1.87,6.25,3.37,4.12,4.87,2.00,2.75,3.50,4.25,1.37,2.12,2.87
1,-5.80,4.80,3.80,2.80,1.80,2.73,2.70,1.70,3.60,2.60,1.60,2.05,4.43,4.40,3.40,2.40,1.40,1.37,3.75,4.20,3.20,2.20,4.10,3.10,3.07,4.00,3.00,2.00,1.00
1,-3.00,2.00,2.00,1.00,2.00,1.00,1.00,1.00,1.00,1.00,2.00,2.00,2.00,1.00,2.00,1.00,2.00,1.00,1.00,1.00,2.00,2.00,2.00,2.00,2.00,1.00,2.00,1.00,1.00
7,-14.50,5.00,10.00,7.75,5.50,10.50,1.00,6.00,11.00,1.50,6.50,11.50,2.00,7.00,12.00,2.50,7.50,12.50,3.00,8.00,13.00,3.50,8.50,13.50,4.00,9.00,6.75,4.50,9.50
1,-7.25,2.00,4.00,2.37,2.56,2.75,4.75,3.12,5.12,3.50,5.50,3.87,2.25,4.25,6.25,1.00,3.00,5.00,3.37,1.75,3.75,2.12,4.12,2.50,4.50,4.69,4.87,3.25,5.25
1,-5.80,3.00,3.10,3.20,1.85,3.40,3.50,3.60,2.25,3.80,1.00,4.00,4.10,1.30,1.40,4.40,4.50,1.70,1.80,4.80,2.00,3.55,2.20,2.30,2.40,3.95,2.60,2.70,2.80
1,-3.00,2.00,1.00,2.00,2.00,2.00,1.00,2.00,1.00,1.00,1.00,1.00,2.00,2.00,1.00,2.00,1.00,1.00,2.00,2.00,2.00,2.00,1.00,2.00,1.00,1.00,1.00,2.00,1.00
1,-7.25,3.75,3.87,4.00,4.12,4.25,4.37,4.50,1.00,4.75,4.87,1.37,5.12,5.25,5.37,1.87,2.00,2.12,5.87,2.37,2.50,6.25,2.75,2.87,3.00,3.12,3.25,3.37,3.50
1,-7.91,6.36,4.82,5.91,4.36,5.45,3.91,2.36,3.45,4.55,3.00,2.77,2.55,1.00,4.73,3.18,6.91,5.36,5.14,4.91,3.36,4.45,5.55,4.00,2.45,3.55,2.00,3.09,1.55
1,-5.27,2.05,2.77,3.50,1.59,1.00,3.05,2.45,1.86,1.27,2.00,4.05,2.14,1.55,2.27,3.00,3.73,3.14,1.23,3.27,4.00,3.41,2.82,2.23,4.27,3.68,1.77,2.50,3.23
1,-3.00,1.00,1.00,2.00,1.00,1.00,1.00,1.00,2.00,2.00,2.00,2.00,1.00,1.00,2.00,1.00,2.00,2.00,1.00,1.00,1.00,1.00,2.00,2.00,2.00,2.00,1.00,2.00,2.00
1,-6.17,5.17,4.17,3.17,2.17,4.26,5.11,4.72,4.34,3.34,2.34,3.19,4.04,3.66,3.28,2.89,2.51,2.13,2.98,3.83,2.83,1.83,1.45,1.06,1.91,4.00,3.00,2.00,1.00
1,-6.04,3.33,3.04,3.96,1.25,4.58,1.88,4.00,2.50,1.00,3.13,4.04,3.75,1.04,4.38,1.67,5.00,2.29,2.00,2.92,5.04,3.54,2.04,4.17,1.46,4.79,2.08,3.00,2.71
1,-9.67,5.78,8.33,7.67,7.00,6.33,5.67,5.00,4.33,3.67,3.00,2.33,4.89,1.00,6.78,2.89,8.67,4.78,7.33,6.67,6.00,5.33,4.67,4.00,3.33,2.67,2.00,1.33,3.89
1,-5.49,3.16,3.97,3.22,3.24,3.27,2.51,1.76,1.00,3.38,1.05,4.22,2.68,3.49,3.51,1.97,2.00,2.81,1.27,4.43,2.11,4.49,3.73,2.97,2.22,2.24,2.27,1.51,2.32
1,-3.00,2.00,1.00,2.00,2.00,1.00,1.00,2.00,1.00,2.00,2.00,1.00,1.00,1.00,1.00,2.00,2.00,2.00,2.00,1.00,1.00,2.00,1.00,2.00,2.00,1.00,1.00,2.00,1.00
1,-9.67,6.78,3.89,1.00,4.56,1.67,2.00,5.56,2.67,3.00,3.33,3.67,4.00,4.33,4.67,5.00,5.33,5.67,6.00,6.33,6.67,7.00,4.11,7.67,8.00,5.11,8.67,5.78,2.89
1,-7.25,5.00,2.75,4.12,3.69,3.25,1.00,6.00,3.75,5.12,4.69,4.25,2.00,1.56,4.75,2.50,5.69,5.25,3.00,2.56,2.12,3.50,1.25,6.25,4.00,3.56,3.12,4.50,2.25
2,-14.50,9.50,4.50,6.75,9.00,4.00,13.50,8.50,3.50,13.00,8.00,3.00,12.50,7.50,2.50,12.00,7.00,2.00,11.50,6.50,1.50,11.00,6.00,1.00,10.50,5.50,7.75,10.00,5.00
2,-14.50,6.00,12.00,3.50,9.50,1.00,7.00,5.75,4.50,10.50,2.00,8.00,6.75,5.50,11.50,3.00,9.00,7.75,6.50,12.50,4.00,10.00,8.75,7.50,13.50,5.00,11.00,2.50,8.50
1,-3.00,1.00,1.00,2.00,2.00,2.00,1.00,1.00,1.00,1.00,1.00,2.00,1.00,1.00,1.00,2.00,2.00,2.00,1.00,2.00,2.00,2.00,2.00,2.00,1.00,1.00,1.00,2.00,2.00
1,-4.14,2.21,2.36,1.46,2.64,2.79,2.93,1.00,1.14,1.29,1.43,1.57,2.75,1.86,2.00,2.14,2.29,1.39,2.57,2.71,2.86,3.00,3.14,1.21,1.36,1.50,2.68,1.79,1.93
2,-9.67,6.50,3.33,5.00,6.67,8.33,5.17,2.00,3.67,5.33,7.00,8.67,5.50,2.33,4.00,5.67,7.33,4.17,1.00,2.67,4.33,6.00,7.67,4.50,1.33,3.00,4.67,6.33,3.17
1,-7.25,3.00,6.00,5.37,4.75,4.12,3.50,2.87,2.25,5.25,1.00,4.00,3.37,2.75,5.75,1.50,4.50,3.87,3.25,6.25,2.00,5.00,4.37,3.75,3.12,2.50,1.87,1.25,4.25
10,-29.00,16.00,3.00,19.00,6.00,22.00,9.00,25.00,12.00,28.00,15.00,2.00,18.00,5.00,21.00,8.00,24.00,11.00,27.00,14.00,1.00,17.00,4.00,20.00,7.00,23.00,10.00,26.00,13.00
1,-3.00,2.00,1.00,1.00,1.00,2.00,2.00,1.00,2.00,2.00,2.00,2.00,2.00,1.00,2.00,1.00,2.00,1.00,1.00,1.00,1.00,1.00,2.00,1.00,1.00,2.00,2.00,2.00,1.00
1,-9.67,4.33,8.67,3.33,7.67,2.33,6.67,4.56,5.67,6.78,4.67,5.78,3.67,8.00,2.67,7.00,1.67,6.00,3.89,5.00,2.89,4.00,5.11,3.00,7.33,2.00,6.33,1.00,5.33
1,-9.67,2.00,4.00,6.00,5.58,2.75,2.33,4.33,6.33,8.33,5.50,2.67,4.67,6.67,8.67,1.00,3.00,5.00,7.00,4.17,1.33,3.33,5.33,7.33,6.92,4.08,3.67,5.67,7.67
1,-7.25,3.75,5.69,4.00,4.12,4.25,2.56,4.50,1.00,4.75,3.06,5.00,1.50,5.25,1.75,5.50,2.00,5.75,2.25,4.19,2.50,6.25,2.75,4.69,3.00,3.12,3.25,1.56,3.50
1,-7.25,3.72,1.00,3.92,2.00,2.50,3.00,3.50,4.00,4.50,5.00,5.50,4.39,1.67,5.39,1.86,5.58,2.86,1.75,2.25,2.75,3.25,3.75,4.25,4.75,5.25,3.33,6.25,3.53
1,-14.50,6.50,5.75,5.00,11.50,3.50,10.00,2.00,8.50,7.75,7.00,13.50,5.50,4.75,4.00,10.50,9.75,9.00,1.00,7.50,6.75,6.00,12.50,4.50,11.00,3.00,9.50,8.75,8.00
2,-9.67,2.67,5.33,8.00,1.00,3.67,6.33,4.17,2.00,4.67,2.50,5.17,3.00,5.67,3.50,6.17,4.00,6.67,4.50,7.17,5.00,7.67,5.50,3.33,6.00,8.67,1.67,4.33,7.00
1,-9.67,7.67,5.67,3.67,1.67,4.50,7.33,5.33,3.33,1.33,4.17,7.00,5.00,3.00,1.00,8.67,6.67,4.67,2.67,5.50,8.33,6.33,4.33,2.33,5.17,8.00,6.00,4.00,2.00
1,-14.50,7.00,6.75,6.50,13.50,6.00,5.75,5.50,12.50,5.00,4.75,4.50,11.50,4.00,11.00,3.50,10.50,3.00,10.00,9.75,9.50,2.00,9.00,8.75,8.50,1.00,8.00,7.75,7.50
1,-6.82,2.53,3.35,2.47,5.00,5.82,4.94,2.35,3.18,4.00,4.82,5.65,3.06,2.18,3.00,3.82,4.65,3.76,1.18,2.00,2.82,3.65,4.47,1.88,1.00,1.82,4.35,3.47,4.29
1,-5.80,3.60,1.40,2.10,2.80,3.50,4.20,2.00,2.70,3.40,4.10,4.80,2.60,1.85,4.00,1.80,3.95,3.20,1.00,1.70,2.40,3.10,3.80,1.60,2.30,3.00,3.70,4.40,2.20
1,-7.25,2.25,4.50,3.12,1.75,4.00,6.25,1.25,3.50,5.75,4.37,3.00,5.25,3.87,2.50,4.75,3.37,2.00,4.25,2.87,1.50,3.75,6.00,1.00,3.25,5.50,4.12,2.75,5.00
1,-5.80,3.80,3.73,3.67,1.67,3.53,3.47,3.40,3.33,1.33,2.23,3.13,1.13,3.00,1.00,4.80,2.80,4.67,2.67,3.57,4.47,2.47,2.40,2.33,2.27,4.13,2.13,2.07,2.00
1,-9.67,4.89,3.33,5.00,6.67,3.50,6.78,2.00,3.67,5.33,7.00,8.67,3.89,2.33,4.00,5.67,7.33,5.78,1.00,2.67,4.33,6.00,7.67,2.89,6.17,3.00,4.67,6.33,4.78
1,-9.67,4.67,2.89,4.33,5.78,4.00,8.67,3.67,8.33,3.33,8.00,3.00,7.67,2.67,7.33,2.33,7.00,2.00,6.67,1.67,6.33,1.33,6.00,1.00,5.67,3.89,5.33,6.78,5.00
1,-9.67,6.00,7.17,3.50,4.67,1.00,7.00,3.33,4.50,5.67,2.00,8.00,4.33,5.50,6.67,3.00,4.17,5.33,1.67,7.67,4.00,5.17,6.33,2.67,8.67,5.00,6.17,2.50,3.67
1,-6.44,4.56,2.67,4.00,2.11,3.44,4.78,2.89,1.00,2.33,2.06,5.00,3.11,4.44,2.56,3.89,2.00,3.33,1.44,4.39,4.11,5.44,3.56,1.67,3.00,4.33,2.44,3.78,1.89
14,-29.00,5.00,10.00,15.00,20.00,25.00,1.00,6.00,11.00,16.00,21.00,26.00,2.00,7.00,12.00,17.00,22.00,27.00,3.00,8.00,13.00,18.00,23.00,28.00,4.00,9.00,14.00,19.00,24.00
1,-4.83,3.83,2.83,1.83,3.25,2.25,3.67,2.67,1.67,3.08,3.29,3.50,2.50,1.50,2.92,1.92,3.33,2.33,1.33,1.54,1.75,3.17,2.17,1.17,2.58,1.58,3.00,2.00,1.00
1,-9.67,2.67,5.33,8.00,1.00,3.67,6.33,2.56,2.00,4.67,7.33,3.56,3.00,5.67,5.11,4.56,4.00,6.67,6.11,2.33,5.00,7.67,7.11,3.33,6.00,8.67,1.67,4.33,7.00
4,-14.50,8.50,2.50,11.00,5.00,13.50,7.50,8.75,10.00,4.00,12.50,6.50,7.75,9.00,3.00,11.50,5.50,6.75,8.00,2.00,10.50,4.50,5.75,7.00,1.00,9.50,3.50,12.00,6.00
1,-5.00,1.00,2.00,3.00,4.00,1.00,2.00,2.00,3.00,1.00,2.00,3.00,2.00,2.00,2.00,3.00,3.00,3.00,2.00,3.00,4.00,2.00,3.00,3.00,4.00,1.00,2.00,3.00,4.00
15,-29.00,17.00,5.00,22.00,10.00,27.00,15.00,3.00,20.00,8.00,25.00,13.00,1.00,18.00,6.00,23.00,11.00,28.00,16.00,4.00,21.00,9.00,26.00,14.00,2.00,19.00,7.00,24.00,12.00
1,-7.25,6.25,5.25,4.25,3.25,2.25,1.25,3.87,2.87,1.87,4.50,3.50,2.50,1.50,4.12,3.12,5.75,4.75,3.75,2.75,5.37,4.37,3.37,6.00,5.00,4.00,3.00,2.00,1.00
1,-11.60,6.20,6.60,7.00,7.40,2.00,5.30,8.60,3.20,3.60,4.00,4.40,10.60,5.20,5.60,6.00,6.40,1.00,7.20,7.60,8.00,8.40,3.00,6.30,9.60,4.20,4.60,5.00,5.40
2,-9.67,4.00,3.17,7.17,1.50,5.50,4.67,8.67,3.00,2.17,6.17,5.33,4.50,3.67,7.67,2.00,6.00,5.17,4.33,3.50,7.50,6.67,1.00,5.00,4.17,8.17,2.50,6.50,5.67
1,-5.80,4.80,3.80,2.80,4.70,3.70,2.70,4.60,3.60,2.60,1.60,3.50,2.50,1.50,3.40,2.40,4.30,3.30,2.30,4.20,3.20,2.20,1.20,3.10,2.10,1.10,3.00,2.00,1.00
1,-5.37,2.19,4.37,1.19,3.37,1.26,2.37,3.48,1.37,3.56,2.52,2.56,2.59,2.63,1.59,3.78,2.74,2.78,2.81,2.85,1.81,4.00,1.89,3.00,4.11,2.00,4.19,1.00,3.19
1,-7.25,3.06,6.12,3.75,5.00,6.25,3.87,5.12,2.75,4.00,5.25,2.87,4.12,1.75,3.00,4.25,5.50,3.12,4.37,2.00,3.25,4.50,2.12,3.37,1.00,2.25,3.50,1.12,4.19
1,-7.25,2.50,5.00,1.46,2.75,5.25,2.92,3.00,5.50,4.37,3.25,5.75,1.00,3.50,6.00,1.25,3.75,6.25,1.50,4.00,2.87,1.75,4.25,4.33,2.00,4.50,5.79,2.25,4.75
1,-6.59,2.82,3.00,3.18,2.05,4.86,2.41,2.59,4.09,5.59,3.14,2.00,2.18,5.00,5.18,1.41,1.59,4.41,4.59,3.45,1.00,2.50,4.00,4.18,1.73,4.55,3.41,3.59,3.77
2,-7.25,1.00,2.00,3.00,4.00,5.00,6.00,3.37,4.37,1.75,2.75,3.75,4.75,5.75,3.12,4.12,1.50,2.50,3.50,4.50,5.50,2.87,3.87,1.25,2.25,3.25,4.25,5.25,6.25
1,-5.00,3.00,3.00,3.00,1.00,3.00,2.00,1.00,2.00,4.00,3.00,2.00,3.00,1.00,2.00,3.00,4.00,2.00,3.00,2.00,1.00,3.00,4.00,3.00,2.00,4.00,2.00,2.00,2.00
1,-8.29,3.86,5.64,3.29,3.00,6.86,2.43,6.29,6.00,3.64,5.43,1.00,4.86,4.57,4.29,4.00,3.71,3.43,7.29,2.86,4.64,2.29,2.00,5.86,1.43,5.29,5.00,2.64,4.43
1,-5.80,1.10,2.20,3.30,4.40,2.60,3.70,4.80,3.00,1.20,2.30,3.40,1.60,2.70,3.80,2.00,3.10,4.20,2.40,3.50,4.60,2.80,1.00,2.10,3.20,1.40,2.50,3.60,4.70
5,-14.50,9.00,3.50,12.50,7.00,8.75,10.50,5.00,6.75,8.50,3.00,12.00,6.50,1.00,10.00,4.50,13.50,8.00,2.50,11.50,6.00,7.75,9.50,4.00,5.75,7.50,2.00,11.00,5.50
1,-4.95,2.98,1.00,2.56,1.29,2.85,2.29,1.73,2.59,2.73,3.59,3.02,2.46,1.20,3.46,1.49,3.76,2.49,1.93,1.37,2.22,2.37,3.22,2.66,2.10,3.66,2.39,3.95,1.98
1,-4.39,1.58,3.15,1.21,2.79,1.73,1.55,1.36,1.18,1.00,2.58,2.39,2.21,2.91,2.73,1.67,1.48,2.18,2.00,1.82,3.39,3.21,3.03,2.85,2.67,1.61,3.18,1.24,2.82
1,-7.91,4.45,1.00,5.45,2.00,3.82,3.00,4.82,4.00,5.82,5.00,4.18,6.00,5.18,4.36,3.55,2.73,1.91,3.73,2.91,2.09,3.91,3.09,4.91,4.09,5.91,2.45,6.91,3.45
4,-14.50,10.50,6.50,2.50,13.00,9.00,5.00,1.00,11.50,7.50,3.50,6.75,10.00,6.00,2.00,12.50,8.50,4.50,7.75,11.00,7.00,3.00,13.50,9.50,5.50,1.50,12.00,8.00,4.00
1,-5.80,2.67,1.47,4.13,1.00,3.67,2.47,3.20,2.00,4.67,3.47,2.27,3.00,3.73,4.47,1.33,2.07,2.80,3.53,2.33,1.13,3.80,2.60,3.33,2.13,4.80,1.67,4.33,3.13
1,-9.67,4.00,3.17,2.33,6.33,5.50,4.67,8.67,3.00,7.00,1.33,5.33,4.50,3.67,7.67,2.00,6.00,5.17,4.33,8.33,2.67,6.67,1.00,5.00,4.17,3.33,7.33,6.50,5.67
1,-7.25,6.25,5.25,4.25,3.25,2.25,1.25,3.87,2.87,1.87,4.50,3.50,2.50,5.12,4.12,3.12,2.12,4.75,3.75,2.75,5.37,4.37,3.37,6.00,5.00,4.00,3.00,2.00,1.00
1,-7.25,1.25,2.50,3.75,5.00,6.25,1.70,2.95,2.75,4.00,5.25,2.15,3.40,1.75,3.00,4.25,5.50,3.85,5.10,2.00,3.25,4.50,4.30,5.55,1.00,2.25,3.50,4.75,6.00
1,-5.80,2.10,4.20,3.40,2.60,4.70,1.00,3.10,3.75,4.40,3.60,2.80,2.00,4.10,3.30,2.50,1.70,3.80,3.00,2.20,1.40,2.05,2.70,4.80,1.10,3.20,2.40,1.60,3.70
1,-5.27,2.05,2.77,3.50,4.23,1.00,1.73,3.77,3.18,1.27,2.00,2.73,2.14,1.55,2.27,3.00,3.73,3.14,2.55,3.27,4.00,2.09,1.50,3.55,4.27,1.05,1.77,2.50,3.23
1,-3.00,1.00,1.00,2.00,2.00,1.00,1.00,1.00,2.00,1.00,1.00,2.00,2.00,2.00,1.00,2.00,1.00,1.00,1.00,2.00,2.00,1.00,2.00,2.00,2.00,1.00,1.00,2.00,2.00
1,-5.47,2.53,2.32,1.02,3.00,3.34,2.04,3.47,4.36,3.06,3.94,1.00,3.53,2.23,1.47,4.00,3.25,1.94,4.47,1.53,2.42,1.11,2.00,3.43,2.13,2.47,4.45,3.15,2.94
1,-9.06,4.13,1.00,3.31,2.00,4.31,3.00,3.50,4.00,2.69,5.00,3.69,6.00,2.88,7.00,2.06,6.19,3.06,5.38,4.06,6.38,5.06,5.56,6.06,4.75,7.06,5.75,8.06,4.94
1,-9.67,4.33,8.67,3.33,7.67,2.33,6.67,1.33,5.67,6.78,4.67,5.78,3.67,8.00,2.67,7.00,1.67,6.00,3.89,5.00,2.89,4.00,8.33,3.00,7.33,2.00,6.33,1.00,5.33
1,-7.52,2.67,4.26,2.63,1.00,2.59,5.26,2.56,2.00,2.52,5.19,2.48,3.00,3.52,5.11,2.41,4.00,4.52,5.04,2.33,5.00,5.52,4.96,2.26,4.93,6.52,4.89,3.26,4.85
7,-29.00,23.00,17.00,11.00,5.00,28.00,22.00,16.00,10.00,4.00,27.00,21.00,15.00,9.00,3.00,26.00,20.00,14.00,8.00,2.00,25.00,19.00,13.00,7.00,1.00,24.00,18.00,12.00,6.00
1,-4.83,3.06,1.28,2.72,2.56,3.19,3.83,2.06,1.89,1.72,3.17,3.00,2.83,1.06,3.31,1.53,3.78,2.00,1.83,1.67,3.11,2.94,2.78,1.00,1.64,2.28,2.11,3.56,1.78
1,-14.50,9.50,4.50,6.75,9.00,4.00,13.50,8.50,3.50,5.75,8.00,3.00,12.50,7.50,9.75,4.75,7.00,2.00,11.50,6.50,8.75,11.00,6.00,1.00,10.50,5.50,7.75,10.00,5.00
1,-14.50,5.50,11.00,2.00,7.50,13.00,4.00,9.50,7.75,6.00,11.50,2.50,8.00,13.50,4.50,10.00,1.00,6.50,12.00,3.00,8.50,6.75,5.00,10.50,1.50,7.00,12.50,3.50,9.00
1,-5.80,2.60,2.30,2.00,4.60,4.30,4.00,3.70,3.40,3.10,2.80,2.50,2.20,4.80,1.60,4.20,1.00,3.60,3.30,3.00,2.70,2.40,2.10,1.80,1.50,1.20,3.80,3.50,3.20
2,-9.67,7.00,4.33,1.67,8.67,6.00,3.33,7.11,7.67,5.00,2.33,6.11,6.67,4.00,4.56,5.11,5.67,3.00,3.56,7.33,4.67,2.00,2.56,6.33,3.67,1.00,8.00,5.33,2.67
1,-9.67,8.67,7.67,6.67,5.67,4.67,6.08,7.50,6.50,5.50,4.50,3.50,2.50,6.33,5.33,4.33,3.33,7.17,6.17,5.17,4.17,3.17,2.17,3.58,5.00,4.00,3.00,2.00,1.00
1,-7.91,3.91,5.18,3.82,2.45,3.73,5.00,1.00,4.91,6.18,4.82,3.45,2.09,6.00,2.00,5.91,1.91,5.82,4.45,3.09,1.73,3.00,6.91,2.91,4.18,5.45,4.09,2.73,4.00
6,-14.50,11.00,7.50,4.00,7.75,11.50,8.00,4.50,1.00,12.00,8.50,5.00,1.50,12.50,9.00,5.50,2.00,13.00,9.50,6.00,2.50,13.50,10.00,6.50,3.00,6.75,10.50,7.00,3.50
4,-14.50,13.00,11.50,10.00,8.50,7.00,5.50,4.00,2.50,1.00,6.75,12.50,11.00,9.50,8.00,6.50,5.00,3.50,2.00,7.75,13.50,12.00,10.50,9.00,7.50,6.00,4.50,3.00,1.50
1,-4.83,3.08,1.33,2.00,2.67,3.33,2.79,1.04,2.92,1.17,3.04,2.50,3.17,3.83,2.08,2.75,1.00,1.67,2.33,1.79,3.67,1.92,3.79,2.04,1.50,2.17,2.83,3.50,1.75
1,-7.52,5.11,2.70,3.52,3.26,3.00,4.89,2.48,6.52,4.11,1.70,2.52,3.33,2.00,4.96,2.56,5.52,4.19,5.00,5.81,3.41,1.00,5.04,2.63,4.52,4.26,4.00,4.81,2.41
1,-9.67,6.33,3.00,4.50,6.00,2.67,4.17,5.67,7.17,8.67,5.33,2.00,3.50,5.00,6.50,3.17,4.67,6.17,7.67,4.33,1.00,2.50,4.00,5.50,7.00,3.67,5.17,6.67,3.33
1,-5.80,2.80,1.25,2.60,2.50,2.40,2.30,2.20,3.55,2.00,4.80,1.80,4.60,3.05,4.40,1.40,2.75,1.20,4.00,1.00,3.80,2.25,3.60,3.50,3.40,3.30,3.20,4.55,3.00
1,-7.25,2.50,5.00,5.08,5.17,5.25,2.92,3.00,3.08,3.17,3.25,3.33,1.00,3.50,6.00,1.25,3.75,6.25,3.92,4.00,4.08,4.17,4.25,4.33,2.00,2.08,2.17,2.25,4.75
1,-9.67,3.67,7.33,1.33,5.00,8.67,2.67,6.33,2.75,4.00,7.67,1.67,5.33,4.17,3.00,6.67,5.50,4.33,8.00,2.00,5.67,6.92,3.33,7.00,1.00,4.67,8.33,2.33,6.00
1,-9.67,6.92,4.17,8.67,8.33,8.00,7.67,7.33,7.00,6.67,6.33,6.00,5.67,5.33,5.00,4.67,4.33,4.00,3.67,3.33,3.00,2.67,2.33,2.00,1.67,1.33,1.00,5.50,2.75
1,-5.80,1.13,2.27,3.40,4.05,1.80,1.00,2.13,2.30,2.47,3.60,2.80,2.00,1.20,2.33,3.47,4.60,3.80,3.00,2.20,3.33,3.50,3.67,4.80,4.00,1.75,2.40,3.53,4.67
1,-7.25,4.50,1.75,6.25,3.50,4.37,5.25,2.50,3.37,4.25,5.12,6.00,3.25,4.12,5.00,2.25,3.12,4.00,1.25,2.12,3.00,3.87,4.75,2.00,2.87,3.75,1.00,5.50,2.75
5,-14.50,8.50,2.50,11.00,5.00,13.50,7.50,1.50,10.00,4.00,12.50,6.50,7.75,9.00,3.00,11.50,5.50,6.75,8.00,2.00,10.50,4.50,13.00,7.00,1.00,9.50,3.50,12.00,6.00
1,-7.91,2.45,4.91,2.09,4.55,4.36,4.18,4.00,6.45,1.00,3.45,5.91,3.09,2.91,2.73,5.18,5.00,4.82,2.00,4.45,6.91,1.45,3.91,3.73,3.55,3.36,5.82,3.00,5.45
1,-4.35,1.35,2.70,3.33,1.05,1.68,2.30,2.20,2.10,2.00,3.35,3.25,3.15,2.69,2.23,2.13,1.66,1.20,1.10,1.00,2.35,2.25,2.15,2.05,2.68,3.30,1.03,1.65,3.00
4,-14.50,4.50,9.00,13.50,3.50,8.00,12.50,2.50,7.00,11.50,1.50,6.00,10.50,7.75,5.00,9.50,6.75,4.00,8.50,13.00,3.00,7.50,12.00,2.00,6.50,11.00,1.00,5.50,10.00
1,-7.25,6.25,5.25,4.25,3.25,2.25,1.25,1.70,2.15,5.50,4.50,3.50,2.50,2.95,3.40,3.85,4.30,4.75,3.75,2.75,1.75,5.10,5.55,6.00,5.00,4.00,3.00,2.00,1.00
1,-14.50,12.00,9.50,7.00,4.50,2.00,6.75,11.50,9.00,6.50,4.00,8.75,13.50,11.00,8.50,6.00,3.50,1.00,5.75,10.50,8.00,5.50,3.00,7.75,12.50,10.00,7.50,5.00,2.50
1,-14.50,3.00,6.00,9.00,4.75,7.75,3.50,6.50,9.50,12.50,1.00,4.00,7.00,10.00,5.75,8.75,4.50,7.50,10.50,13.50,2.00,5.00,8.00,11.00,6.75,9.75,5.50,8.50,11.50
1,-8.29,4.86,5.57,6.29,2.86,3.57,4.29,5.00,5.71,6.43,3.00,3.71,4.43,1.00,1.71,6.57,7.29,3.86,4.57,5.29,1.86,2.57,3.29,4.00,4.71,5.43,2.00,2.71,3.43
1,-4.46,2.81,1.15,1.73,2.31,2.88,3.46,2.92,2.38,2.96,1.31,3.00,2.46,3.04,1.38,3.08,1.42,2.00,1.46,3.15,1.50,2.08,1.54,1.00,1.58,2.15,2.73,3.31,1.65
1,-7.25,2.87,5.75,5.00,4.25,3.50,2.75,2.00,1.25,4.12,5.19,6.25,5.50,4.75,4.00,3.25,2.50,1.75,1.00,2.06,3.12,6.00,5.25,4.50,3.75,3.00,2.25,1.50,4.37
1,-9.67,2.00,4.00,6.00,3.17,5.17,2.33,4.33,6.33,8.33,5.50,2.67,4.67,6.67,8.67,1.00,3.00,5.00,7.00,4.17,1.33,3.33,5.33,7.33,4.50,6.50,3.67,5.67,7.67
1,-5.80,3.40,1.00,4.40,2.00,2.50,3.00,3.50,1.10,1.60,2.10,2.60,3.10,3.60,4.10,1.70,2.20,2.70,3.20,3.70,4.20,4.70,2.30,2.80,3.30,3.80,1.40,4.80,2.40
1,-6.69,2.96,3.69,4.42,1.81,4.77,2.15,4.00,2.50,1.00,2.85,4.69,4.31,1.69,4.65,2.04,5.00,2.38,2.00,3.85,5.69,4.19,2.69,4.54,1.92,4.88,2.27,3.00,3.73
1,-5.12,2.00,2.29,2.59,2.88,3.18,3.47,2.06,3.21,2.65,1.24,3.24,1.82,3.82,4.12,1.00,1.29,3.29,1.88,3.88,2.47,1.91,3.06,1.65,1.94,2.24,2.53,2.82,3.12
1,-5.80,2.10,4.20,3.40,2.60,1.80,1.00,1.17,2.30,4.40,3.60,2.80,2.00,2.17,2.33,3.47,3.63,3.80,3.00,2.20,1.40,3.50,4.63,4.80,4.00,3.20,2.40,1.60,3.70
1,-8.29,4.79,1.29,4.00,2.57,5.29,3.86,2.43,1.00,3.71,2.29,5.00,3.57,6.29,4.86,3.43,2.00,4.71,3.29,6.00,4.57,7.29,5.86,4.43,3.00,5.71,4.29,7.00,3.50
1,-5.37,3.56,1.74,1.00,3.48,1.67,2.00,3.41,2.67,3.00,1.19,3.67,1.85,2.19,2.52,2.85,3.19,3.52,1.70,4.19,2.37,2.70,1.96,3.37,3.70,1.89,4.37,3.63,1.81
1,-14.50,8.50,9.75,11.00,5.00,13.50,7.50,8.75,10.00,4.00,12.50,6.50,7.75,9.00,3.00,11.50,5.50,6.75,8.00,2.00,10.50,4.50,5.75,7.00,1.00,9.50,3.50,4.75,6.00
1,-9.67,4.78,6.33,4.67,3.00,7.78,2.89,7.67,6.00,4.33,5.89,1.00,5.78,7.33,5.67,4.00,2.33,3.89,8.67,3.78,5.33,3.67,2.00,6.78,1.89,6.67,5.00,3.33,4.89
1,-5.80,4.80,3.80,2.80,1.80,4.11,4.77,4.60,3.60,2.60,2.43,3.09,3.74,4.40,3.40,2.40,1.40,2.06,2.71,3.37,3.20,2.20,1.20,1.03,1.69,4.00,3.00,2.00,1.00
1,-8.29,2.29,4.57,6.86,5.00,7.29,5.43,3.57,5.86,4.00,6.29,4.43,2.57,4.86,3.00,5.29,3.43,5.71,3.86,2.00,4.29,2.43,4.71,2.86,1.00,3.29,1.43,3.71,6.00
2,-14.50,4.00,8.00,12.00,1.50,5.50,9.50,13.50,3.00,7.00,11.00,7.75,4.50,8.50,12.50,2.00,6.00,10.00,6.75,3.50,7.50,11.50,1.00,5.00,9.00,13.00,2.50,6.50,10.50
1,-5.80,2.44,3.72,3.84,2.80,4.08,1.88,2.00,4.44,1.08,2.36,4.80,3.76,2.72,4.00,1.80,3.08,2.04,1.00,3.44,4.72,1.36,3.80,3.92,1.72,3.00,1.96,2.08,3.36
1,-9.67,3.00,6.00,2.56,5.56,5.33,5.11,1.67,4.67,7.67,1.00,4.00,7.00,3.56,3.33,6.33,6.11,2.67,5.67,8.67,2.00,5.00,8.00,4.56,4.33,4.11,7.11,3.67,6.67
1,-9.67,8.67,7.67,6.67,5.67,4.67,3.67,7.50,6.50,5.50,4.50,3.50,2.50,6.33,5.33,4.33,3.33,7.17,6.17,5.17,4.17,3.17,2.17,6.00,5.00,4.00,3.00,2.00,1.00
1,-7.25,3.37,3.12,2.87,6.25,2.37,5.75,1.87,5.25,1.37,4.75,4.50,4.25,4.00,3.75,3.50,3.25,3.00,2.75,2.50,5.87,2.00,5.37,1.50,4.87,1.00,4.37,4.12,3.87
1,-6.21,3.36,2.57,3.86,1.00,2.29,3.57,4.86,2.00,1.21,4.57,3.79,3.00,2.21,3.50,2.71,4.00,3.21,2.43,1.64,5.00,4.21,1.36,2.64,3.93,5.21,2.36,3.64,2.86
1,-5.80,2.40,4.80,4.30,3.80,3.30,2.80,2.30,1.80,1.30,3.70,3.20,2.70,2.20,4.60,1.20,3.60,3.10,2.60,2.10,4.50,4.00,3.50,3.00,2.50,2.00,1.50,1.00,3.40
1,-9.67,2.33,4.67,7.00,4.50,2.00,4.33,6.67,4.17,6.50,4.00,6.33,8.67,1.33,3.67,6.00,8.33,1.00,3.33,5.67,3.17,5.50,3.00,5.33,7.67,5.17,2.67,5.00,7.33
1,-7.25,6.25,5.25,4.25,3.25,5.87,4.87,3.87,2.87,5.50,4.50,3.50,2.50,1.50,4.12,3.12,5.75,4.75,3.75,2.75,1.75,4.37,3.37,2.37,1.37,4.00,3.00,2.00,1.00
1,-8.29,3.86,3.57,3.29,3.00,6.86,2.43,6.29,6.00,5.71,5.43,1.00,4.86,4.57,4.29,4.00,3.71,3.43,7.29,2.86,2.57,2.29,2.00,5.86,1.43,5.29,5.00,4.71,4.43
1,-7.57,1.57,3.13,4.70,5.00,6.57,1.83,3.39,4.96,4.00,5.57,2.09,3.65,5.22,3.00,4.57,2.35,3.91,5.48,2.00,3.57,2.61,4.17,5.74,1.00,2.57,2.87,4.43,6.00
1,-9.67,7.00,4.33,1.67,8.67,6.00,3.33,3.08,7.67,5.00,2.33,4.50,6.67,4.00,6.17,3.50,5.67,3.00,5.17,7.33,4.67,2.00,6.58,6.33,3.67,1.00,8.00,5.33,2.67
1,-5.80,3.13,2.40,3.60,4.80,3.42,1.40,2.60,3.80,3.71,1.04,1.60,2.80,4.00,1.33,4.47,1.80,3.00,4.20,4.76,2.09,2.00,3.20,4.40,2.38,1.00,2.20,3.40,2.67
1,-7.25,2.12,4.25,2.75,1.25,3.37,1.87,4.00,2.50,1.00,3.12,5.25,3.75,2.25,4.37,2.87,5.00,3.50,2.00,4.12,6.25,4.75,3.25,5.37,3.87,6.00,4.50,3.00,5.12
2,-14.50,7.00,6.75,6.50,13.50,6.00,13.00,5.50,12.50,5.00,12.00,4.50,11.50,4.00,11.00,3.50,10.50,3.00,10.00,2.50,9.50,2.00,9.00,1.50,8.50,1.00,8.00,7.75,7.50
1,-4.35,1.55,3.10,3.20,3.30,1.95,2.05,2.15,2.25,2.35,1.00,1.10,2.65,1.30,1.40,2.95,3.05,1.70,3.25,3.35,2.00,2.10,2.20,2.30,2.40,1.05,1.15,1.25,2.80
1,-7.25,4.12,1.00,1.50,2.00,2.50,3.00,3.50,4.00,4.50,5.00,1.87,2.37,2.87,3.37,3.87,4.37,4.87,5.37,2.25,2.75,3.25,3.75,4.25,4.75,5.25,5.75,6.25,3.12
1,-6.27,4.32,2.38,2.00,4.76,3.59,4.00,2.05,3.24,4.43,3.27,3.68,1.73,5.27,4.11,2.16,1.00,4.54,2.59,3.00,1.84,3.03,4.22,2.27,2.68,1.51,4.27,3.89,1.95
1,-14.50,12.50,10.50,8.50,6.50,4.50,2.50,7.75,5.75,11.00,9.00,7.00,5.00,3.00,1.00,13.50,11.50,9.50,7.50,5.50,3.50,8.75,6.75,12.00,10.00,8.00,6.00,4.00,2.00
1,-6.27,5.19,4.11,3.03,1.95,4.00,5.27,4.97,3.89,2.81,1.73,3.00,4.27,4.76,3.68,2.59,1.51,2.00,3.27,4.54,3.46,2.38,1.30,1.00,2.27,4.32,3.24,2.16,1.08
1,-9.67,3.50,2.17,5.67,4.33,3.00,6.50,5.17,8.67,2.50,6.00,4.67,8.17,2.00,5.50,4.17,7.67,1.50,5.00,3.67,7.17,1.00,4.50,3.17,6.67,5.33,4.00,7.50,6.17
1,-9.67,6.67,3.67,3.08,7.33,4.33,6.17,8.00,5.00,2.00,8.67,5.67,2.67,4.50,6.33,3.33,5.17,7.00,4.00,1.00,7.67,4.67,1.67,3.50,5.33,2.33,6.58,6.00,3.00
1,-7.25,5.12,3.00,2.08,1.17,5.08,4.17,3.25,2.33,6.25,4.12,2.00,3.50,2.58,4.08,3.17,4.67,3.75,5.25,3.12,1.00,4.92,4.00,3.08,2.17,6.08,5.17,4.25,2.12
1,-7.25,4.37,1.50,2.25,3.00,3.75,4.50,5.25,6.00,3.12,3.87,1.00,5.37,2.50,3.25,4.00,4.75,1.87,6.25,3.37,4.12,1.25,2.00,2.75,3.50,4.25,5.00,5.75,2.87
2,-14.50,6.50,5.75,5.00,11.50,3.50,10.00,2.00,8.50,7.75,7.00,13.50,5.50,12.00,4.00,10.50,2.50,9.00,1.00,7.50,6.75,6.00,12.50,4.50,11.00,3.00,9.50,8.75,8.00
1,-5.80,2.60,2.88,2.00,4.60,1.40,4.00,1.96,3.40,2.52,2.80,1.92,2.20,4.80,3.92,1.88,1.00,3.60,3.88,3.00,3.28,2.40,3.84,1.80,4.40,1.20,3.80,2.92,3.20
1,-7.25,3.75,3.87,4.00,4.12,4.25,4.37,4.50,1.00,4.75,4.87,1.37,1.50,5.25,1.75,5.50,2.00,5.75,5.87,2.37,2.50,6.25,2.75,2.87,3.00,3.12,3.25,3.37,3.50
1,-6.44,1.67,3.33,5.00,3.44,5.11,3.56,2.00,3.67,3.72,3.78,5.44,3.89,2.33,4.00,2.44,4.11,2.56,1.00,2.67,2.72,2.78,4.44,2.89,1.33,3.00,1.44,3.11,4.78
1,-4.68,1.48,2.03,1.65,3.13,3.68,1.42,1.50,1.58,3.06,2.68,3.23,2.84,1.52,3.00,1.68,3.16,1.84,1.45,2.00,1.61,3.10,3.18,3.26,1.00,1.55,3.03,2.65,3.19
1,-9.67,4.00,8.00,2.33,6.33,5.50,4.67,8.67,3.00,7.00,1.33,5.33,4.50,3.67,7.67,2.00,6.00,5.17,4.33,8.33,2.67,6.67,1.00,5.00,4.17,3.33,7.33,1.67,5.67
1,-3.00,2.00,1.00,2.00,2.00,1.00,2.00,1.00,1.00,2.00,1.00,1.00,1.00,2.00,2.00,1.00,1.00,2.00,2.00,2.00,1.00,2.00,2.00,1.00,2.00,1.00,1.00,2.00,1.00
1,-3.00,2.00,1.00,1.00,1.00,2.00,2.00,1.00,2.00,2.00,2.00,1.00,2.00,1.00,1.00,2.00,2.00,1.00,2.00,1.00,1.00,1.00,2.00,1.00,1.00,2.00,2.00,2.00,1.00
1,-14.50,5.50,3.75,2.00,7.50,5.75,4.00,9.50,7.75,6.00,11.50,9.75,8.00,13.50,4.50,10.00,1.00,6.50,4.75,3.00,8.50,6.75,5.00,10.50,8.75,7.00,12.50,10.75,9.00
1,-5.80,1.40,2.80,1.30,2.70,1.20,2.60,4.00,2.50,1.00,2.40,3.80,2.30,2.25,2.20,3.60,3.55,3.50,2.00,3.40,4.80,3.30,1.80,3.20,4.60,3.10,4.50,3.00,4.40
1,-9.67,2.00,4.00,6.00,1.56,3.56,5.56,4.33,3.11,5.11,7.11,2.67,4.67,6.67,8.67,1.00,3.00,5.00,7.00,2.56,4.56,6.56,5.33,4.11,6.11,8.11,3.67,5.67,7.67
5,-14.50,1.00,2.00,3.00,4.00,5.00,6.00,7.00,8.00,9.00,10.00,11.00,12.00,13.00,6.75,7.75,1.50,2.50,3.50,4.50,5.50,6.50,7.50,8.50,9.50,10.50,11.50,12.50,13.50
1,-3.00,1.00,1.00,2.00,1.00,2.00,1.00,1.00,1.00,2.00,2.00,2.00,2.00,2.00,2.00,1.00,1.00,1.00,1.00,1.00,1.00,2.00,2.00,2.00,1.00,2.00,1.00,2.00,2.00
1,-5.55,3.06,3.66,1.17,3.00,4.21,1.72,3.55,1.68,2.89,2.87,1.00,3.45,2.19,1.55,4.00,3.36,2.11,4.55,2.68,2.66,3.87,2.00,3.83,1.34,2.55,4.38,1.89,2.49
1,-3.00,1.00,1.00,1.00,2.00,1.00,1.00,2.00,2.00,1.00,2.00,2.00,1.00,2.00,1.00,2.00,1.00,2.00,1.00,1.00,2.00,1.00,1.00,2.00,2.00,1.00,2.00,2.00,2.00
1,-4.00,2.00,3.00,2.50,2.00,3.00,1.00,3.00,2.00,3.00,2.00,2.00,2.00,1.00,3.00,1.00,3.00,2.00,2.00,2.00,1.00,2.00,1.00,3.00,1.00,2.00,1.50,1.00,2.00
2,-7.25,2.25,4.50,3.12,1.75,4.00,6.25,1.25,3.50,5.75,2.56,3.00,5.25,5.69,2.50,4.75,1.56,2.00,4.25,4.69,1.50,3.75,6.00,1.00,3.25,5.50,4.12,2.75,5.00
1,-4.14,1.69,1.02,2.71,2.04,3.14,1.29,1.50,1.71,1.04,2.14,2.06,2.57,1.60,3.00,1.14,2.54,1.57,2.08,2.00,3.10,2.43,2.64,2.86,1.00,2.10,1.43,3.12,2.45
1,-8.29,1.86,3.71,5.57,5.36,1.00,2.86,4.71,2.43,4.29,2.00,3.86,3.64,3.43,5.29,3.00,4.86,4.64,4.43,6.29,4.00,5.86,3.57,5.43,7.29,2.93,2.71,4.57,6.43
21,-29.00,12.00,24.00,7.00,19.00,2.00,14.00,26.00,9.00,21.00,4.00,16.00,28.00,11.00,23.00,6.00,18.00,1.00,13.00,25.00,8.00,20.00,3.00,15.00,27.00,10.00,22.00,5.00,17.00
1,-5.80,1.20,2.40,3.60,4.80,3.10,4.30,2.60,3.80,2.10,3.30,1.60,2.80,1.10,2.30,3.50,4.70,3.00,4.20,2.50,3.70,2.00,3.20,1.50,2.70,1.00,2.20,3.40,4.60
1,-5.32,1.22,2.43,3.65,1.00,1.25,1.98,1.75,1.52,2.25,2.50,1.78,2.03,2.28,3.50,1.82,3.03,3.28,3.53,2.82,3.07,3.80,3.57,3.33,4.07,4.32,1.67,2.88,4.10
2,-9.67,4.00,8.00,2.33,6.33,3.08,4.67,8.67,3.00,7.00,6.17,5.33,4.50,3.67,7.67,2.00,6.00,5.17,4.33,3.50,2.67,6.67,1.00,5.00,6.58,3.33,7.33,1.67,5.67
1,-5.80,3.20,2.05,3.80,4.10,4.40,1.80,3.07,2.40,2.70,3.00,1.37,3.60,1.00,4.20,1.60,4.80,2.20,4.43,2.80,3.10,3.40,2.73,4.00,1.40,1.70,2.00,3.75,2.60
1,-9.67,5.17,3.08,1.00,6.17,1.67,2.00,2.33,2.67,3.00,3.33,3.67,4.00,4.33,4.67,5.00,5.33,5.67,6.00,6.33,6.67,7.00,7.33,7.67,8.00,3.50,8.67,6.58,4.50
8,-14.50,3.50,7.00,10.50,6.75,3.00,6.50,10.00,13.50,2.50,6.00,9.50,13.00,2.00,5.50,9.00,12.50,1.50,5.00,8.50,12.00,1.00,4.50,8.00,11.50,7.75,4.00,7.50,11.00
1,-9.67,8.67,7.67,6.67,5.67,4.67,3.67,2.67,1.67,7.11,6.11,5.11,7.33,6.33,5.33,4.33,3.33,2.33,4.56,3.56,2.56,8.00,7.00,6.00,5.00,4.00,3.00,2.00,1.00
1,-3.00,2.00,2.00,1.00,2.00,1.00,2.00,1.00,1.00,2.00,2.00,2.00,1.00,1.00,2.00,1.00,2.00,2.00,1.00,1.00,1.00,2.00,2.00,1.00,2.00,1.00,2.00,1.00,1.00
1,-4.83,3.25,1.67,2.50,3.33,1.75,1.38,1.00,1.83,2.67,3.50,3.13,2.75,1.17,2.00,2.83,3.67,2.08,1.71,1.33,2.17,3.00,3.83,3.46,3.08,1.50,2.33,3.17,1.58
1,-5.08,1.53,2.33,3.85,1.75,3.28,4.08,2.70,3.50,3.58,1.48,3.00,3.08,3.15,2.50,2.58,1.93,2.00,2.08,3.60,1.50,1.58,2.38,1.00,1.80,3.33,1.23,2.75,3.55
1,-9.67,5.50,6.17,2.00,2.67,3.33,4.00,4.67,5.33,6.00,6.67,7.33,8.00,8.67,4.50,5.17,1.00,1.67,2.33,3.00,3.67,4.33,5.00,5.67,6.33,7.00,7.67,3.50,4.17
1,-9.67,4.33,8.67,3.33,7.67,5.56,6.67,4.56,5.67,6.78,4.67,5.78,3.67,8.00,2.67,7.00,1.67,6.00,3.89,5.00,2.89,4.00,5.11,3.00,4.11,2.00,6.33,1.00,5.33
1,-5.80,2.40,4.80,1.40,3.80,2.06,2.80,2.71,1.80,3.37,4.11,3.20,4.77,2.20,3.77,2.03,3.60,1.03,2.60,1.69,2.43,4.00,3.09,3.00,3.74,2.00,4.40,1.00,3.40
1,-5.80,4.00,2.20,3.30,1.50,2.60,2.25,4.80,3.00,1.20,2.30,3.40,4.50,2.70,3.80,2.00,3.10,1.30,2.40,3.50,4.60,2.80,1.00,3.55,3.20,4.30,2.50,3.60,1.80
1,-5.80,3.10,3.30,2.05,3.70,1.00,4.10,1.40,1.60,4.70,2.00,2.20,2.40,2.60,2.80,3.00,3.20,3.40,3.60,3.80,1.10,4.20,4.40,1.70,4.80,2.10,3.75,2.50,2.70
1,-7.25,1.12,2.25,3.37,4.50,2.00,3.12,4.25,3.56,4.69,4.00,5.12,6.25,1.94,3.06,4.19,5.31,1.00,2.12,3.25,2.56,3.69,3.00,4.12,5.25,2.75,3.87,5.00,6.12
1,-4.35,1.68,3.35,2.85,2.35,3.30,1.35,3.03,2.53,2.03,2.25,1.03,1.98,1.48,3.15,1.20,2.88,2.38,3.33,2.10,2.33,1.83,1.32,3.00,1.05,2.00,1.50,1.00,2.68
1,-7.25,5.00,2.75,4.12,1.87,3.25,1.00,6.00,3.75,1.50,2.87,4.25,2.00,3.37,4.75,2.50,3.87,5.25,3.00,4.37,5.75,3.50,1.25,6.25,4.00,5.37,3.12,4.50,2.25
2,-14.50,6.00,4.75,3.50,9.50,1.00,7.00,5.75,4.50,10.50,2.00,8.00,6.75,5.50,11.50,3.00,9.00,7.75,6.50,12.50,4.00,10.00,8.75,7.50,13.50,5.00,11.00,9.75,8.50
1,-6.04,2.75,3.69,1.00,2.54,4.08,2.00,2.33,4.48,3.00,2.13,4.88,4.00,3.13,4.67,1.38,2.92,2.04,1.17,3.92,3.04,1.56,3.71,4.04,1.96,3.50,5.04,2.35,3.29
4,-14.50,12.00,9.50,7.00,4.50,2.00,6.75,11.50,9.00,6.50,4.00,1.50,13.50,11.00,8.50,6.00,3.50,1.00,13.00,10.50,8.00,5.50,3.00,7.75,12.50,10.00,7.50,5.00,2.50
1,-5.80,1.50,3.00,1.60,3.10,4.60,3.20,4.70,3.30,4.80,3.40,2.00,3.50,2.10,3.60,2.20,3.70,2.30,3.80,2.40,1.00,2.50,1.10,2.60,1.20,2.70,4.20,2.80,4.30
2,-9.67,1.00,2.00,3.00,4.00,5.00,6.00,7.00,8.00,4.17,2.75,1.33,2.33,3.33,4.33,5.33,6.33,7.33,8.33,6.92,5.50,1.67,2.67,3.67,4.67,5.67,6.67,7.67,8.67
1,-7.25,6.25,5.25,4.25,3.25,2.25,1.25,5.69,4.69,5.50,4.50,3.50,2.50,1.50,4.12,3.12,5.75,4.75,3.75,2.75,1.75,2.56,1.56,6.00,5.00,4.00,3.00,2.00,1.00
1,-9.67,6.13,2.60,1.00,5.20,1.67,2.00,2.33,2.67,3.00,3.33,3.67,4.00,4.33,4.67,5.00,5.33,5.67,6.00,6.33,6.67,7.00,7.33,7.67,8.00,4.47,8.67,7.07,3.53
2,-7.25,1.00,2.00,3.00,4.00,5.00,6.00,1.56,2.56,1.75,2.75,3.75,4.75,5.75,3.12,4.12,1.50,2.50,3.50,4.50,5.50,4.69,5.69,1.25,2.25,3.25,4.25,5.25,6.25
1,-7.25,4.75,2.25,5.19,4.50,2.00,3.12,4.25,1.75,2.87,4.00,1.50,6.25,3.75,1.25,6.00,3.50,1.00,5.75,3.25,4.37,5.50,3.00,4.12,5.25,2.75,2.06,5.00,2.50
1,-8.29,2.00,4.00,6.00,3.86,2.75,3.71,5.71,3.57,5.57,5.50,5.43,3.29,5.29,7.29,1.00,3.00,5.00,2.86,2.79,2.71,4.71,2.57,4.57,5.54,4.43,2.29,4.29,6.29
1,-9.67,5.67,1.67,7.33,3.33,4.17,5.00,1.00,6.67,2.67,8.33,4.33,5.17,6.00,2.00,7.67,3.67,4.50,5.33,1.33,7.00,3.00,8.67,4.67,5.50,6.33,2.33,8.00,4.00
1,-9.67,2.17,4.33,6.50,8.67,6.00,3.33,5.50,7.67,5.00,7.17,4.50,6.67,4.00,6.17,3.50,5.67,3.00,5.17,2.50,4.67,2.00,4.17,6.33,3.67,1.00,3.17,5.33,7.50
1,-3.00,1.00,1.00,2.00,1.00,1.00,2.00,1.00,2.00,2.00,2.00,1.00,2.00,2.00,2.00,1.00,1.00,1.00,2.00,1.00,1.00,1.00,2.00,1.00,2.00,2.00,1.00,2.00,2.00
1,-4.26,1.50,3.00,2.79,1.74,3.24,2.18,2.82,1.76,3.26,2.21,2.00,2.65,2.44,3.09,1.18,1.82,1.62,2.26,2.06,1.00,2.50,1.44,2.09,1.03,2.53,1.47,1.26,2.76
1,-5.80,1.17,2.33,3.50,3.70,1.00,1.20,1.40,1.60,1.80,2.00,2.20,2.40,2.60,2.80,3.00,3.20,3.40,3.60,3.80,4.00,4.20,4.40,4.60,4.80,2.10,2.30,3.47,4.63
1,-9.67,5.50,6.17,2.00,2.67,3.33,4.00,4.67,5.33,6.00,6.67,2.50,3.17,8.67,4.50,5.17,1.00,6.50,7.17,3.00,3.67,4.33,5.00,5.67,6.33,7.00,7.67,3.50,4.17
9,-29.00,20.00,11.00,2.00,22.00,13.00,4.00,24.00,15.00,6.00,26.00,17.00,8.00,28.00,19.00,10.00,1.00,21.00,12.00,3.00,23.00,14.00,5.00,25.00,16.00,7.00,27.00,18.00,9.00
1,-4.68,1.39,2.77,3.23,3.68,3.19,1.77,2.23,2.68,2.19,3.58,1.23,1.68,2.13,2.58,2.10,2.55,3.00,3.45,1.10,2.48,2.00,2.45,2.90,1.48,1.00,1.45,1.90,3.29
1,-6.69,1.85,3.69,4.42,2.92,4.77,2.15,4.00,2.50,1.00,2.85,4.69,4.31,3.92,4.65,2.04,2.77,2.38,2.00,3.85,5.69,4.19,2.69,4.54,1.92,3.77,2.27,3.00,4.85
1,-7.25,2.00,4.00,6.00,2.56,2.75,4.75,3.12,5.12,3.50,5.50,3.87,2.25,4.25,6.25,1.00,3.00,5.00,3.37,1.75,3.75,2.12,4.12,2.50,4.50,4.69,1.25,3.25,5.25
1,-6.69,3.69,2.18,5.13,4.36,2.85,3.56,5.03,4.26,2.00,5.69,2.69,1.92,4.13,4.10,2.59,2.56,4.77,4.00,1.00,4.69,2.44,1.67,3.13,3.85,2.33,1.56,4.51,3.00
1,-14.50,2.00,4.00,6.00,8.00,10.00,12.00,6.75,8.75,3.50,5.50,7.50,9.50,11.50,13.50,1.00,3.00,5.00,7.00,9.00,11.00,5.75,7.75,2.50,4.50,6.50,8.50,10.50,12.50
1,-7.25,2.25,4.50,4.33,1.75,4.00,6.25,1.25,3.50,5.75,4.37,3.00,5.25,1.46,2.50,4.75,5.79,2.00,4.25,2.87,1.50,3.75,6.00,1.00,3.25,5.50,2.92,2.75,5.00
1,-6.21,2.61,5.21,2.64,4.21,1.64,3.21,2.71,2.21,1.71,3.29,2.79,2.29,1.79,3.36,2.86,4.43,3.93,3.43,2.93,4.50,4.00,3.50,3.00,4.57,2.00,3.57,1.00,3.61
1,-7.25,5.00,2.75,2.92,5.50,3.25,1.00,6.00,3.75,3.92,4.08,4.25,2.00,2.17,4.75,2.50,5.08,5.25,3.00,3.17,3.33,3.50,1.25,6.25,4.00,1.75,4.33,4.50,2.25
1,-7.25,2.37,4.75,3.50,5.87,1.00,3.37,5.75,4.50,3.25,2.00,4.37,3.12,5.50,4.25,3.00,1.75,4.12,2.87,5.25,4.00,2.75,1.50,3.87,6.25,1.37,3.75,2.50,4.87
1,-5.80,1.80,3.60,2.50,4.30,3.20,3.55,1.00,2.80,3.15,3.50,3.85,4.20,1.65,2.00,3.80,4.15,1.60,1.95,2.30,2.65,3.00,4.80,2.25,2.60,1.50,3.30,2.20,4.00
1,-7.25,4.50,1.75,6.25,3.50,4.37,5.25,6.12,3.37,4.25,5.12,2.37,3.25,4.12,5.00,2.25,3.12,4.00,4.87,2.12,3.00,3.87,1.12,2.00,2.87,3.75,1.00,5.50,2.75
1,-5.80,4.63,3.47,2.30,1.13,4.80,4.60,3.43,2.27,4.00,3.80,3.60,3.40,3.20,3.00,2.80,2.60,2.40,2.20,2.00,1.80,3.53,2.37,1.20,1.00,4.67,3.50,2.33,1.17
1,-3.00,1.00,2.00,1.00,2.00,1.00,2.00,2.00,1.00,2.00,2.00,1.00,1.00,1.00,1.00,2.00,2.00,2.00,2.00,1.00,1.00,2.00,1.00,1.00,2.00,1.00,2.00,1.00,2.00
1,-9.67,4.56,2.67,4.00,5.33,6.67,1.56,6.11,1.00,5.56,3.67,5.00,3.11,7.67,2.56,7.11,2.00,6.56,4.67,6.00,4.11,8.67,3.56,8.11,3.00,4.33,5.67,7.00,5.11
1,-5.80,2.40,4.80,1.40,3.80,2.33,2.80,2.30,1.80,4.20,3.70,3.20,4.63,2.20,4.60,1.20,3.60,1.17,2.60,2.10,1.60,4.00,3.50,3.00,3.47,2.00,4.40,1.00,3.40
20,-29.00,14.00,28.00,13.00,27.00,12.00,26.00,11.00,25.00,10.00,24.00,9.00,23.00,8.00,22.00,7.00,21.00,6.00,20.00,5.00,19.00,4.00,18.00,3.00,17.00,2.00,16.00,1.00,15.00
1,-9.67,3.67,7.33,5.20,5.00,8.67,2.67,6.33,6.13,4.00,7.67,1.67,5.33,7.07,3.00,6.67,2.60,4.33,8.00,2.00,5.67,3.53,3.33,7.00,1.00,4.67,4.47,2.33,6.00
1,-7.25,4.25,1.25,4.59,2.50,3.12,3.75,1.66,5.00,2.00,6.25,3.25,2.06,4.50,3.31,3.94,2.75,5.19,4.00,1.00,5.25,2.25,5.59,3.50,4.12,4.75,2.66,6.00,3.00
1,-9.67,5.00,5.17,5.33,5.50,5.67,1.00,6.00,6.17,1.50,4.08,6.67,2.00,7.00,7.17,2.50,2.67,7.67,3.00,5.58,8.17,3.50,3.67,8.67,4.00,4.17,4.33,4.50,4.67
1,-9.67,3.33,6.67,6.13,3.67,7.00,2.60,4.00,7.33,1.00,4.33,7.67,5.20,4.67,8.00,1.67,5.00,4.47,2.00,5.33,8.67,2.33,5.67,7.07,2.67,6.00,3.53,3.00,6.33
5,-14.50,1.50,3.00,4.50,6.00,7.50,9.00,10.50,12.00,13.50,7.75,2.00,3.50,5.00,6.50,8.00,9.50,11.00,12.50,6.75,1.00,2.50,4.00,5.50,7.00,8.50,10.00,11.50,13.00
1,-5.27,3.82,3.68,3.55,2.09,3.27,1.82,3.00,2.86,2.73,1.27,2.45,1.00,3.50,3.36,1.91,1.77,4.27,2.82,4.00,2.55,2.41,2.27,3.45,2.00,3.18,1.73,1.59,1.45
1,-4.42,1.56,1.64,1.73,3.29,1.41,1.00,1.08,2.64,1.25,2.81,1.92,1.51,2.08,2.17,2.25,2.34,2.92,2.51,1.61,3.17,1.78,3.34,3.42,3.02,1.14,2.69,2.78,2.86
1,-8.29,1.00,2.00,3.00,4.00,5.00,6.00,4.93,5.93,4.86,5.86,2.71,3.71,4.71,5.71,2.57,3.57,4.57,5.57,2.43,3.43,2.36,3.36,2.29,3.29,4.29,5.29,6.29,7.29
1,-9.67,8.67,7.67,6.67,5.67,4.67,3.67,5.89,4.89,3.89,2.89,1.89,7.33,6.33,5.33,4.33,3.33,2.33,7.78,6.78,5.78,4.78,3.78,6.00,5.00,4.00,3.00,2.00,1.00
3,-14.50,10.00,5.50,1.00,11.00,6.50,2.00,12.00,7.50,3.00,13.00,8.50,4.00,6.75,9.50,5.00,7.75,10.50,6.00,1.50,11.50,7.00,2.50,12.50,8.00,3.50,13.50,9.00,4.50
1,-6.30,2.22,4.43,2.87,5.09,1.00,3.22,2.91,3.87,2.30,2.00,1.70,2.65,4.87,3.30,3.00,1.43,3.65,4.61,4.30,4.00,2.43,3.39,3.09,5.30,1.22,3.43,1.87,4.09
1,-5.27,2.18,1.73,2.59,3.45,3.00,2.55,2.09,4.27,1.18,3.36,2.91,3.77,2.00,4.18,1.09,3.27,1.50,2.36,1.91,4.09,1.00,3.18,2.73,2.27,1.82,2.68,3.55,3.09
2,-9.67,8.67,7.67,6.67,5.67,4.67,3.67,2.67,1.67,5.50,6.92,8.33,7.33,6.33,5.33,4.33,3.33,2.33,1.33,2.75,4.17,8.00,7.00,6.00,5.00,4.00,3.00,2.00,1.00
1,-7.25,3.12,6.25,5.75,5.25,4.75,4.25,3.75,3.25,2.75,5.87,1.75,4.87,4.37,3.87,3.37,2.87,2.37,5.50,1.37,4.50,4.00,3.50,3.00,2.50,2.00,1.50,1.00,4.12
1,-9.67,4.67,6.11,4.33,2.56,4.00,8.67,3.67,5.11,3.33,8.00,3.00,7.67,2.67,7.33,2.33,7.00,2.00,6.67,1.67,6.33,4.56,6.00,1.00,5.67,7.11,5.33,3.56,5.00
1,-8.29,6.00,3.71,1.43,3.29,1.00,2.86,2.64,2.43,4.29,2.00,3.86,3.64,3.43,5.29,3.00,4.86,4.64,4.43,6.29,4.00,5.86,5.64,5.43,7.29,5.00,6.86,4.57,2.29
1,-4.68,2.77,3.68,1.77,2.68,1.71,3.08,1.65,3.48,1.58,2.48,1.52,1.48,1.45,3.29,1.39,3.23,3.19,3.16,2.19,3.10,1.19,3.03,1.60,2.97,2.00,2.90,1.00,1.90
1,-14.50,2.50,5.00,7.50,10.00,12.50,7.75,3.00,5.50,8.00,10.50,5.75,1.00,3.50,6.00,8.50,11.00,13.50,8.75,4.00,6.50,9.00,11.50,6.75,2.00,4.50,7.00,9.50,12.00
1,-7.25,5.25,3.25,1.25,2.87,4.50,2.50,4.12,5.75,3.75,5.37,3.37,5.00,3.00,1.00,6.25,4.25,2.25,3.87,1.87,3.50,1.50,3.12,4.75,2.75,4.37,6.00,4.00,2.00
1,-5.27,3.14,1.00,2.82,2.00,2.50,3.00,2.18,4.00,1.86,3.68,1.55,2.05,1.23,3.05,2.23,4.05,3.23,3.73,1.59,3.41,1.27,3.09,2.27,2.77,3.27,2.45,4.27,2.14
1,-6.44,3.04,5.00,1.59,4.63,4.44,3.19,3.00,2.81,4.78,2.44,3.33,1.00,2.96,4.93,1.52,3.48,5.44,3.11,4.00,1.67,3.63,3.44,3.26,2.00,1.81,4.85,1.44,3.41
1,-9.67,1.00,2.00,3.00,4.00,5.00,6.00,7.00,8.00,5.78,6.78,1.33,2.33,3.33,4.33,5.33,6.33,7.33,8.33,2.89,3.89,1.67,2.67,3.67,4.67,5.67,6.67,7.67,8.67
1,-4.24,1.32,2.63,3.24,1.02,1.63,2.24,2.85,2.05,1.24,2.56,1.76,3.07,1.56,1.46,2.78,2.68,1.17,2.49,1.68,3.00,2.20,1.39,2.00,2.61,3.22,1.00,1.61,2.93
1,-7.25,3.37,3.12,2.87,6.25,6.00,2.12,1.87,5.25,5.00,4.75,4.50,4.25,4.00,3.75,3.50,3.25,3.00,2.75,2.50,2.25,2.00,5.37,5.12,1.25,1.00,4.37,4.12,3.87
16,-29.00,24.00,19.00,14.00,9.00,4.00,28.00,23.00,18.00,13.00,8.00,3.00,27.00,22.00,17.00,12.00,7.00,2.00,26.00,21.00,16.00,11.00,6.00,1.00,25.00,20.00,15.00,10.00,5.00
1,-6.69,5.26,3.82,2.38,1.69,1.00,4.77,3.33,3.38,2.69,2.00,4.28,2.85,4.38,3.69,3.00,2.31,3.85,2.41,4.69,4.00,3.31,3.36,1.92,5.69,5.00,4.31,2.87,1.44
1,-8.29,2.00,4.00,6.00,3.86,5.86,3.71,5.71,3.57,1.43,3.43,5.43,3.29,5.29,7.29,1.00,3.00,5.00,2.86,4.86,6.86,4.71,2.57,4.57,2.43,4.43,2.29,4.29,6.29
1,-3.00,2.00,1.00,2.00,2.00,1.00,1.00,2.00,1.00,1.00,2.00,2.00,1.00,2.00,1.00,2.00,1.00,2.00,1.00,1.00,2.00,2.00,1.00,2.00,2.00,1.00,1.00,2.00,1.00
2,-14.50,7.50,7.75,8.00,1.00,8.50,1.50,9.00,2.00,9.50,2.50,10.00,3.00,10.50,3.50,11.00,4.00,11.50,4.50,12.00,5.00,12.50,5.50,13.00,6.00,13.50,6.50,6.75,7.00
1,-9.67,4.00,8.00,2.33,6.33,7.11,4.67,8.67,3.00,7.00,4.56,5.33,6.11,3.67,7.67,2.00,6.00,3.56,4.33,5.11,2.67,6.67,1.00,5.00,2.56,3.33,7.33,1.67,5.67
1,-9.67,7.00,4.33,1.67,8.67,6.00,3.33,5.50,7.67,5.00,7.17,4.50,6.67,4.00,6.17,3.50,5.67,3.00,5.17,2.50,4.67,2.00,4.17,6.33,3.67,1.00,8.00,5.33,2.67
1,-8.70,6.70,4.70,2.70,3.60,4.50,2.50,3.40,7.20,5.20,3.20,7.00,5.00,3.00,1.00,7.70,5.70,3.70,1.70,5.50,3.50,1.50,5.30,6.20,4.20,5.10,6.00,4.00,2.00
1,-5.80,1.30,2.60,1.00,2.30,3.60,2.00,3.30,1.70,3.00,1.40,2.70,1.10,2.40,3.70,2.10,3.40,4.70,3.10,4.40,2.80,4.10,2.50,3.80,2.20,3.50,4.80,3.20,4.50
1,-4.83,1.75,3.50,2.83,2.17,1.50,3.25,2.58,1.92,1.25,3.00,2.33,1.67,1.00,1.54,3.29,3.83,3.17,2.50,1.83,3.58,2.92,2.25,1.58,3.33,2.67,2.00,1.33,3.08
2,-14.50,8.00,8.75,9.50,3.00,11.00,4.50,12.50,6.00,6.75,7.50,1.00,9.00,2.50,10.50,4.00,12.00,5.50,13.50,7.00,7.75,8.50,2.00,10.00,3.50,11.50,5.00,5.75,6.50
1,-5.80,3.60,1.40,2.10,2.80,3.50,4.20,2.00,2.70,3.40,1.20,4.80,2.60,3.30,1.10,4.70,2.50,3.20,1.00,4.60,2.40,3.10,3.80,1.60,2.30,3.00,3.70,4.40,2.20
1,-6.69,5.69,4.69,3.69,2.69,1.69,2.92,4.15,5.38,4.38,3.38,4.62,3.62,2.62,1.62,5.08,4.08,3.08,2.08,3.31,2.31,1.31,2.54,3.77,5.00,4.00,3.00,2.00,1.00
1,-5.80,3.53,1.27,4.80,2.53,4.13,3.80,3.47,3.13,2.80,4.40,2.13,1.80,3.40,1.13,4.67,2.40,4.00,3.67,1.40,3.00,2.67,2.33,2.00,1.67,3.27,1.00,4.53,2.27
1,-5.80,2.30,4.60,4.00,3.40,2.80,2.20,3.05,1.00,3.30,4.15,2.10,4.40,3.80,3.20,2.60,2.00,1.40,3.70,1.65,2.50,4.80,2.75,3.60,3.00,2.40,1.80,1.20,3.50
1,-7.25,4.12,1.00,5.12,2.00,2.50,3.00,3.50,4.00,4.50,5.00,5.50,6.00,2.87,3.37,3.87,4.37,1.25,1.75,2.25,2.75,3.25,3.75,4.25,4.75,5.25,2.12,6.25,3.12
1,-7.25,5.12,3.00,4.50,4.19,3.87,1.75,3.25,1.12,6.25,4.12,2.00,3.50,5.00,2.87,4.37,2.25,3.75,5.25,3.12,1.00,6.12,4.00,5.50,3.37,3.06,2.75,4.25,2.12
1,-6.90,4.86,5.57,4.90,4.24,3.57,4.29,2.24,2.95,3.67,3.00,2.33,1.67,1.00,4.48,2.43,5.90,5.24,4.57,3.90,3.24,3.95,4.67,2.62,3.33,2.67,2.00,1.33,2.05
1,-7.25,4.37,1.50,2.25,3.00,3.75,4.50,5.25,6.00,3.12,2.06,1.00,1.75,2.50,3.25,4.00,4.75,5.50,6.25,5.19,4.12,1.25,2.00,2.75,3.50,4.25,5.00,5.75,2.87
1,-14.50,10.00,5.50,1.00,11.00,6.50,2.00,4.75,7.50,3.00,5.75,8.50,4.00,6.75,9.50,5.00,7.75,10.50,6.00,8.75,11.50,7.00,9.75,12.50,8.00,3.50,13.50,9.00,4.50
1,-3.00,1.00,1.00,2.00,2.00,1.00,2.00,2.00,1.00,1.00,2.00,1.00,2.00,1.00,2.00,1.00,2.00,1.00,2.00,1.00,2.00,2.00,1.00,1.00,2.00,1.00,1.00,2.00,2.00
1,-9.67,4.33,8.67,3.33,7.67,2.33,6.67,1.33,5.67,5.17,4.67,4.17,3.67,8.00,2.67,7.00,1.67,6.00,5.50,5.00,4.50,4.00,8.33,3.00,7.33,2.00,6.33,1.00,5.33
1,-7.25,4.37,5.12,2.25,3.00,3.75,4.50,5.25,2.37,3.12,3.87,1.00,1.75,2.50,3.25,4.00,4.75,5.50,6.25,3.37,4.12,4.87,2.00,2.75,3.50,4.25,5.00,2.12,2.87
1,-14.50,5.00,10.00,7.75,5.50,10.50,1.00,6.00,11.00,8.75,6.50,11.50,2.00,7.00,12.00,2.50,7.50,12.50,3.00,8.00,5.75,3.50,8.50,13.50,4.00,9.00,6.75,4.50,9.50
1,-5.80,4.80,3.80,2.80,4.70,3.70,2.70,4.60,3.60,2.60,4.50,3.50,2.50,1.50,3.40,2.40,4.30,3.30,2.30,1.30,3.20,2.20,1.20,3.10,2.10,1.10,3.00,2.00,1.00
1,-9.67,7.67,5.67,3.67,6.50,6.11,5.72,5.33,3.33,4.56,2.56,7.00,5.00,3.00,1.00,8.67,6.67,4.67,2.67,7.11,5.11,6.33,4.33,3.94,3.56,3.17,6.00,4.00,2.00
1,-7.25,3.75,3.87,4.00,4.12,4.25,2.56,4.50,1.00,4.75,1.25,5.00,5.12,5.25,1.75,5.50,2.00,2.12,2.25,6.00,2.50,6.25,2.75,4.69,3.00,3.12,3.25,3.37,3.50
1,-9.67,7.00,4.33,1.67,8.67,6.00,3.33,5.50,7.67,5.00,2.33,4.50,6.67,4.00,1.33,8.33,5.67,3.00,5.17,7.33,4.67,2.00,4.17,6.33,3.67,1.00,8.00,5.33,2.67
1,-14.50,5.50,11.00,2.00,7.50,5.75,4.00,9.50,7.75,6.00,11.50,2.50,8.00,13.50,4.50,10.00,1.00,6.50,12.00,3.00,8.50,6.75,5.00,10.50,8.75,7.00,12.50,3.50,9.00
2,-9.67,5.00,5.17,5.33,5.50,5.67,1.00,6.00,6.17,1.50,6.50,6.67,2.00,2.17,7.17,2.50,7.50,7.67,3.00,3.17,8.17,3.50,3.67,8.67,4.00,4.17,4.33,4.50,4.67
1,-9.67,6.33,3.00,2.89,6.00,2.67,5.78,5.67,2.33,8.67,5.33,2.00,8.33,5.00,1.67,8.00,4.67,1.33,7.67,4.33,1.00,7.33,4.00,3.89,7.00,3.67,6.78,6.67,3.33
14,-29.00,8.00,16.00,24.00,3.00,11.00,19.00,27.00,6.00,14.00,22.00,1.00,9.00,17.00,25.00,4.00,12.00,20.00,28.00,7.00,15.00,23.00,2.00,10.00,18.00,26.00,5.00,13.00,21.00
1,-9.67,6.17,2.67,4.00,5.33,6.67,8.00,4.50,1.00,2.33,3.67,5.00,6.33,7.67,6.58,3.08,2.00,3.33,4.67,6.00,7.33,8.67,5.17,1.67,3.00,4.33,5.67,7.00,3.50
2,-14.50,8.50,9.75,3.75,5.00,13.50,7.50,8.75,10.00,4.00,12.50,6.50,7.75,9.00,3.00,11.50,5.50,6.75,8.00,2.00,10.50,4.50,5.75,7.00,1.00,9.50,10.75,4.75,6.00
1,-9.67,3.50,7.00,5.67,4.33,3.00,6.50,5.17,8.67,7.33,6.00,4.67,3.33,2.00,5.50,4.17,7.67,6.33,5.00,3.67,2.33,1.00,4.50,3.17,6.67,5.33,4.00,2.67,6.17
1,-7.25,4.75,5.87,3.37,4.50,2.00,3.12,4.25,1.75,2.87,4.00,1.50,6.25,3.75,4.87,2.37,3.50,1.00,5.75,3.25,4.37,5.50,3.00,4.12,5.25,2.75,3.87,1.37,2.50
2,-14.50,9.00,3.50,12.50,7.00,1.50,10.50,5.00,6.75,8.50,3.00,12.00,6.50,1.00,10.00,4.50,13.50,8.00,2.50,11.50,6.00,7.75,9.50,4.00,13.00,7.50,2.00,11.00,5.50
1,-3.00,1.00,1.00,2.00,2.00,1.00,2.00,2.00,1.00,1.00,2.00,1.00,1.00,2.00,1.00,2.00,1.00,2.00,2.00,1.00,2.00,2.00,1.00,1.00,2.00,1.00,1.00,2.00,2.00
1,-4.68,2.35,1.90,1.45,1.00,3.35,2.90,1.52,2.00,1.55,2.97,1.58,3.00,1.61,2.10,2.58,3.06,1.68,3.10,1.71,3.13,2.68,3.16,1.77,1.32,3.68,3.23,2.77,2.32
1,-14.50,10.75,7.00,10.50,6.75,3.00,6.50,10.00,13.50,9.75,6.00,9.50,5.75,2.00,5.50,9.00,12.50,8.75,5.00,8.50,4.75,1.00,4.50,8.00,11.50,7.75,4.00,7.50,3.75
1,-6.04,5.00,3.96,2.92,1.88,2.04,1.00,4.79,3.75,3.92,2.88,3.04,2.00,3.38,3.54,2.50,2.67,4.04,3.00,3.17,2.13,2.29,1.25,5.04,4.00,4.17,3.13,2.08,1.04
1,-7.25,4.25,1.25,5.50,2.50,3.12,3.75,4.37,5.00,2.00,6.25,3.25,2.06,4.50,1.50,5.75,2.75,5.19,4.00,1.00,5.25,2.25,2.87,3.50,4.12,4.75,1.75,6.00,3.00
2,-9.67,5.33,1.00,6.33,2.00,7.33,3.00,8.33,4.00,6.92,5.00,5.50,6.00,1.67,7.00,2.67,8.00,3.67,4.17,4.67,2.75,5.67,1.33,6.67,2.33,7.67,3.33,8.67,4.33
1,-14.50,4.00,8.00,4.75,8.75,5.50,9.50,13.50,3.00,7.00,11.00,7.75,4.50,8.50,12.50,2.00,6.00,10.00,6.75,3.50,7.50,11.50,1.00,5.00,9.00,5.75,9.75,6.50,10.50
1,-5.27,3.73,2.18,3.27,1.73,4.14,3.91,2.36,2.14,3.23,3.00,4.09,2.55,1.00,3.41,1.86,4.27,2.73,1.18,2.27,2.05,3.14,2.91,1.36,1.14,3.55,2.00,3.09,1.55
1,-4.83,2.78,2.33,1.89,3.06,1.00,3.78,3.33,1.28,3.25,2.00,3.17,2.72,2.28,1.83,3.00,2.56,2.11,1.67,2.83,1.58,3.56,1.50,1.06,3.83,1.78,2.94,2.50,2.06
1,-9.67,5.00,5.17,5.33,5.50,5.67,1.00,6.00,1.33,6.33,1.67,6.67,2.00,7.00,2.33,7.33,2.67,7.67,3.00,8.00,3.33,8.33,3.67,8.67,4.00,4.17,4.33,4.50,4.67
2,-14.50,6.00,4.75,10.75,9.50,1.00,7.00,5.75,4.50,10.50,2.00,8.00,6.75,5.50,11.50,3.00,9.00,7.75,6.50,12.50,4.00,10.00,8.75,7.50,13.50,5.00,3.75,9.75,8.50
1,-3.00,1.00,1.00,2.00,1.00,2.00,2.00,1.00,1.00,1.00,2.00,1.00,1.00,1.00,2.00,1.00,2.00,2.00,2.00,1.00,2.00,2.00,2.00,1.00,1.00,2.00,1.00,2.00,2.00
19,-29.00,6.00,12.00,18.00,24.00,1.00,7.00,13.00,19.00,25.00,2.00,8.00,14.00,20.00,26.00,3.00,9.00,15.00,21.00,27.00,4.00,10.00,16.00,22.00,28.00,5.00,11.00,17.00,23.00
1,-9.67,8.33,7.00,5.67,4.33,3.00,1.67,6.78,8.67,7.33,6.00,4.67,3.33,2.00,3.89,5.78,7.67,6.33,5.00,3.67,2.33,1.00,2.89,8.00,6.67,5.33,4.00,2.67,1.33
1,-7.25,3.75,2.06,4.00,4.12,4.25,4.37,4.50,1.00,4.75,1.25,5.00,1.50,5.25,1.75,5.50,2.00,5.75,2.25,6.00,2.50,6.25,2.75,2.87,3.00,3.12,3.25,5.19,3.50
1,-3.00,1.00,2.00,2.00,2.00,1.00,1.00,1.00,1.00,2.00,2.00,2.00,2.00,1.00,1.00,2.00,2.00,1.00,1.00,1.00,1.00,2.00,2.00,2.00,2.00,1.00,1.00,1.00,2.00
2,-14.50,13.50,12.50,11.50,10.50,9.50,8.50,7.50,6.50,5.50,4.50,3.50,2.50,1.50,7.75,6.75,13.00,12.00,11.00,10.00,9.00,8.00,7.00,6.00,5.00,4.00,3.00,2.00,1.00
1,-9.67,3.56,7.11,1.00,4.56,1.67,2.00,2.33,2.67,3.00,3.33,3.67,4.00,4.33,4.67,5.00,5.33,5.67,6.00,6.33,6.67,7.00,7.33,7.67,8.00,5.11,8.67,2.56,6.11
1,-5.12,2.76,3.82,1.47,2.53,3.59,2.94,2.29,3.35,1.00,2.06,3.12,2.47,3.53,1.18,3.94,1.59,2.65,2.00,3.06,4.12,1.76,2.82,2.18,1.53,2.59,3.65,1.29,2.35
1,-4.58,2.16,2.79,3.42,1.00,3.16,2.26,2.89,2.00,1.11,1.74,3.13,1.47,2.11,2.74,1.84,2.47,3.11,1.45,2.84,3.47,2.58,1.68,2.32,1.42,3.58,1.16,1.79,2.42
1,-5.80,1.70,3.40,2.20,1.00,2.70,4.40,3.20,2.00,3.70,2.50,4.20,3.00,1.80,3.50,2.30,4.00,2.80,1.60,3.30,2.10,3.80,2.60,1.40,3.10,4.80,3.60,2.40,4.10
1,-4.46,3.00,1.54,1.19,3.08,1.62,2.38,3.15,2.81,2.46,1.00,2.88,1.42,1.63,1.85,2.62,2.83,3.04,1.58,3.46,2.00,1.65,1.31,2.08,2.85,1.38,3.27,2.92,1.46
11,-29.00,4.00,8.00,12.00,16.00,20.00,24.00,28.00,3.00,7.00,11.00,15.00,19.00,23.00,27.00,2.00,6.00,10.00,14.00,18.00,22.00,26.00,1.00,5.00,9.00,13.00,17.00,21.00,25.00
1,-4.53,1.00,1.09,2.09,2.19,3.19,3.28,1.56,2.56,2.66,1.84,2.84,2.03,3.03,3.13,1.41,1.50,2.50,1.69,2.69,1.88,1.97,2.97,1.25,1.34,2.34,2.44,3.44,3.53
2,-14.50,9.50,4.50,6.75,9.00,4.00,13.50,8.50,3.50,5.75,8.00,3.00,12.50,7.50,2.50,12.00,7.00,2.00,11.50,6.50,8.75,11.00,6.00,1.00,10.50,5.50,7.75,10.00,5.00
1,-9.67,3.00,6.00,4.17,7.17,5.33,3.50,6.50,4.67,7.67,1.00,4.00,2.17,5.17,8.17,1.50,4.50,7.50,5.67,8.67,2.00,5.00,3.17,6.17,4.33,2.50,5.50,3.67,6.67
1,-8.12,3.56,7.12,4.88,6.12,5.04,5.12,4.04,5.28,3.04,4.28,2.04,3.28,5.68,2.28,5.84,2.44,4.84,6.08,3.84,5.08,2.84,4.08,3.00,3.08,2.00,3.24,1.00,4.56
2,-9.67,5.67,6.50,2.50,8.17,4.17,5.00,1.00,6.67,7.50,3.50,4.33,5.17,6.00,2.00,7.67,3.67,4.50,5.33,6.17,2.17,3.00,8.67,4.67,5.50,1.50,7.17,3.17,4.00
1,-14.50,11.50,8.50,5.50,9.75,6.75,11.00,8.00,5.00,2.00,13.50,10.50,7.50,4.50,8.75,5.75,10.00,7.00,4.00,1.00,12.50,9.50,6.50,3.50,7.75,4.75,9.00,6.00,3.00
1,-9.67,4.67,2.89,4.33,5.78,4.00,8.67,3.67,5.11,3.33,8.00,3.00,7.67,2.67,7.33,2.33,7.00,2.00,6.67,1.67,6.33,4.56,6.00,1.00,5.67,3.89,5.33,6.78,5.00
1,-7.25,2.75,5.50,1.00,3.75,1.67,2.00,4.75,1.86,3.00,3.33,2.06,4.00,3.53,2.25,5.00,3.72,3.25,5.19,3.92,4.25,5.39,2.50,5.25,5.58,3.50,6.25,1.75,4.50
1,-9.67,6.00,7.17,3.50,4.67,1.00,2.17,8.17,4.50,5.67,2.00,3.17,4.33,5.50,6.67,3.00,4.17,5.33,6.50,7.67,4.00,5.17,1.50,7.50,8.67,5.00,6.17,2.50,3.67
1,-5.80,3.60,1.40,2.68,2.80,3.50,4.20,2.00,2.12,3.40,1.20,4.80,2.60,1.56,4.00,1.80,4.24,3.20,1.00,4.60,2.40,3.68,3.80,1.60,2.30,3.00,3.12,4.40,2.20
1,-7.25,3.12,6.25,2.12,5.25,4.75,4.25,3.75,3.25,2.75,2.25,3.56,1.25,2.56,5.69,1.56,4.69,6.00,3.69,5.00,4.50,4.00,3.50,3.00,2.50,2.00,5.12,1.00,4.12
1,-9.67,3.50,7.00,5.67,4.33,3.00,2.87,6.38,8.67,3.71,6.00,4.67,3.33,2.00,3.08,6.58,7.67,6.33,5.00,3.67,5.96,1.00,3.29,6.79,6.67,5.33,4.00,2.67,6.17
1,-4.64,1.00,2.00,1.84,1.68,1.52,1.36,2.36,3.36,2.04,3.04,1.72,1.56,2.56,3.56,1.08,2.08,3.08,2.92,1.60,2.60,1.28,2.28,3.28,3.12,2.96,2.80,2.64,3.64
1,-6.44,2.50,5.00,4.28,3.56,4.44,2.11,3.00,2.28,3.17,2.44,4.94,1.00,3.50,4.39,2.06,2.94,5.44,1.50,4.00,3.28,4.17,3.44,4.33,2.00,2.89,2.17,1.44,3.94
1,-14.50,9.00,3.50,12.50,7.00,8.75,10.50,5.00,6.75,8.50,3.00,4.75,6.50,1.00,10.00,4.50,13.50,8.00,9.75,11.50,6.00,7.75,9.50,4.00,5.75,7.50,2.00,11.00,5.50
15,-29.00,11.00,22.00,4.00,15.00,26.00,8.00,19.00,1.00,12.00,23.00,5.00,16.00,27.00,9.00,20.00,2.00,13.00,24.00,6.00,17.00,28.00,10.00,21.00,3.00,14.00,25.00,7.00,18.00
1,-5.80,3.80,3.25,1.25,3.60,4.50,2.50,3.40,4.30,2.30,3.20,1.20,3.55,3.00,1.00,4.80,2.80,2.25,4.60,2.60,3.50,1.50,2.40,3.30,1.30,2.20,4.55,2.55,2.00
1,-5.80,1.00,2.00,3.00,4.00,3.07,4.07,3.13,2.20,3.20,4.20,3.27,4.27,3.33,4.33,1.47,2.47,1.53,2.53,1.60,2.60,3.60,2.67,1.73,2.73,1.80,2.80,3.80,4.80
1,-9.67,6.17,7.50,4.00,5.33,6.67,3.17,4.50,1.00,7.17,3.67,5.00,1.50,7.67,4.17,5.50,2.00,8.17,4.67,6.00,2.50,8.67,5.17,6.50,3.00,4.33,5.67,2.17,3.50
1,-7.25,6.25,5.25,4.25,3.25,2.25,1.25,3.87,4.69,5.50,4.50,3.50,2.50,5.12,4.12,3.12,2.12,4.75,3.75,2.75,1.75,2.56,3.37,6.00,5.00,4.00,3.00,2.00,1.00
1,-7.25,2.79,5.58,2.33,3.92,3.08,4.67,6.25,3.00,4.58,1.33,4.12,2.08,3.67,5.25,2.00,3.58,5.17,3.12,5.92,2.67,4.25,1.00,2.58,4.17,3.33,4.92,1.67,4.46
1,-9.67,3.67,4.11,4.56,5.00,8.67,2.67,6.33,3.56,4.00,7.67,1.67,5.33,2.56,3.00,6.67,7.11,4.33,8.00,2.00,5.67,6.11,3.33,7.00,1.00,4.67,5.11,5.56,6.00
1,-3.00,2.00,2.00,2.00,1.00,2.00,1.00,2.00,2.00,1.00,2.00,1.00,1.00,1.00,1.00,2.00,2.00,2.00,2.00,1.00,2.00,1.00,1.00,2.00,1.00,2.00,1.00,1.00,1.00
1,-5.37,3.96,2.56,4.37,4.04,2.63,3.37,4.11,2.70,2.37,4.19,2.78,1.37,3.19,3.39,1.98,2.19,4.00,2.59,1.19,3.00,2.67,1.26,2.00,2.74,1.33,1.00,2.81,1.41
1,-9.67,4.56,2.67,4.00,5.33,6.67,4.78,6.11,1.00,2.33,3.67,5.00,6.33,7.67,2.56,7.11,2.00,3.33,4.67,6.00,7.33,8.67,3.56,4.89,3.00,4.33,5.67,7.00,5.11
1,-8.29,2.29,4.57,2.71,5.00,7.29,3.36,3.57,5.86,4.00,6.29,2.36,2.57,4.86,3.00,5.29,3.43,5.71,5.93,2.00,4.29,2.43,4.71,4.93,1.00,3.29,5.57,3.71,6.00
1,-5.80,2.30,4.60,2.55,3.40,2.80,2.20,1.60,1.00,1.85,4.15,3.55,4.40,3.80,3.20,2.60,2.00,1.40,2.25,1.65,3.95,4.80,4.20,3.60,3.00,2.40,3.25,1.20,3.50
3,-14.50,2.50,5.00,7.50,10.00,12.50,7.75,3.00,5.50,8.00,10.50,13.00,1.00,3.50,6.00,8.50,11.00,13.50,1.50,4.00,6.50,9.00,11.50,6.75,2.00,4.50,7.00,9.50,12.00
1,-3.00,1.00,2.00,2.00,1.00,1.00,1.00,1.00,1.00,2.00,2.00,2.00,1.00,1.00,1.00,2.00,2.00,2.00,1.00,1.00,1.00,2.00,2.00,2.00,2.00,2.00,1.00,1.00,2.00
15,-29.00,7.00,14.00,21.00,28.00,6.00,13.00,20.00,27.00,5.00,12.00,19.00,26.00,4.00,11.00,18.00,25.00,3.00,10.00,17.00,24.00,2.00,9.00,16.00,23.00,1.00,8.00,15.00,22.00
1,-6.90,3.00,1.86,2.10,2.33,3.95,4.19,4.43,1.90,4.90,1.00,4.00,1.48,3.10,3.33,3.57,3.81,5.43,2.90,5.90,2.00,5.00,2.48,2.71,2.95,4.57,4.81,5.05,3.90
1,-5.12,4.06,3.00,3.65,2.59,1.53,2.18,1.12,3.47,4.12,3.06,2.00,2.65,3.29,2.24,2.88,1.82,2.47,3.12,2.06,1.00,1.65,4.00,2.94,3.59,2.53,1.47,2.12,1.06
1,-7.25,3.75,2.67,4.00,2.92,4.25,5.58,4.50,1.00,2.33,3.67,2.58,3.92,5.25,1.75,5.50,2.00,3.33,4.67,3.58,4.92,6.25,2.75,1.67,3.00,4.33,3.25,4.58,3.50
1,-5.80,2.40,4.80,1.40,3.80,4.75,2.80,4.48,1.80,4.20,3.70,3.20,3.43,2.20,3.15,2.65,3.60,2.38,2.60,2.10,1.60,4.00,1.33,3.00,1.05,2.00,4.40,1.00,3.40
3,-14.50,11.00,7.50,4.00,7.75,11.50,8.00,4.50,1.00,12.00,8.50,5.00,8.75,12.50,9.00,5.50,2.00,5.75,9.50,6.00,2.50,13.50,10.00,6.50,3.00,6.75,10.50,7.00,3.50
1,-3.00,2.00,2.00,1.00,1.00,2.00,2.00,1.00,1.00,1.00,1.00,1.00,2.00,1.00,1.00,2.00,2.00,1.00,2.00,2.00,2.00,2.00,2.00,1.00,1.00,2.00,2.00,1.00,1.00
1,-5.12,2.53,1.65,2.47,3.29,4.12,3.24,2.35,1.47,4.00,3.12,2.24,1.35,3.88,3.00,2.12,1.24,3.76,2.88,2.00,1.12,3.65,2.76,1.88,1.00,1.82,2.65,3.47,2.59
1,-14.50,13.50,12.50,11.50,10.50,9.50,8.50,7.50,6.50,5.50,4.50,3.50,9.75,8.75,7.75,6.75,5.75,4.75,11.00,10.00,9.00,8.00,7.00,6.00,5.00,4.00,3.00,2.00,1.00
1,-7.25,6.00,4.75,3.50,2.25,1.00,3.37,2.12,4.50,3.25,2.00,4.37,3.12,5.50,4.25,3.00,1.75,4.12,2.87,5.25,4.00,2.75,5.12,3.87,6.25,5.00,3.75,2.50,1.25
1,-9.67,8.33,7.00,5.67,4.33,3.00,6.50,5.17,8.67,7.33,6.00,4.67,3.33,2.00,5.50,4.17,7.67,6.33,5.00,3.67,2.33,1.00,4.50,3.17,6.67,5.33,4.00,2.67,1.33
1,-9.67,6.67,3.67,6.19,7.33,4.33,2.71,3.86,5.00,2.00,8.67,5.67,2.67,6.57,6.33,3.33,3.10,7.00,4.00,1.00,7.67,4.67,5.81,6.95,5.33,2.33,3.48,6.00,3.00
1,-4.83,1.33,2.67,1.93,2.92,1.83,3.17,1.74,1.00,2.33,3.67,1.55,1.50,2.83,3.48,1.36,2.00,3.33,3.29,1.17,2.50,3.83,3.10,1.67,3.00,1.92,2.90,2.17,3.50
1,-3.00,1.00,2.00,2.00,1.00,1.00,2.00,2.00,2.00,1.00,2.00,2.00,2.00,2.00,2.00,1.00,1.00,1.00,1.00,1.00,2.00,1.00,1.00,1.00,2.00,2.00,1.00,1.00,2.00
1,-9.67,3.67,7.33,6.17,5.00,8.67,2.67,6.33,5.17,4.00,7.67,1.67,5.33,4.17,3.00,6.67,5.50,4.33,8.00,2.00,5.67,4.50,3.33,7.00,1.00,4.67,3.50,2.33,6.00
1,-7.25,4.50,5.37,6.25,3.50,4.37,5.25,2.50,3.37,4.25,5.12,6.00,3.25,4.12,5.00,2.25,3.12,4.00,1.25,2.12,3.00,3.87,4.75,2.00,2.87,3.75,1.00,1.87,2.75
9,-29.00,22.00,15.00,8.00,1.00,23.00,16.00,9.00,2.00,24.00,17.00,10.00,3.00,25.00,18.00,11.00,4.00,26.00,19.00,12.00,5.00,27.00,20.00,13.00,6.00,28.00,21.00,14.00,7.00
1,-14.50,3.00,6.00,9.00,12.00,7.75,3.50,6.50,9.50,12.50,1.00,4.00,7.00,10.00,13.00,1.50,4.50,7.50,10.50,13.50,2.00,5.00,8.00,11.00,6.75,2.50,5.50,8.50,11.50
1,-14.50,1.00,2.00,3.00,4.00,5.00,6.00,7.00,8.00,9.00,10.00,11.00,12.00,5.75,6.75,7.75,8.75,2.50,3.50,4.50,5.50,6.50,7.50,8.50,9.50,10.50,11.50,12.50,13.50
22,-29.00,13.00,26.00,10.00,23.00,7.00,20.00,4.00,17.00,1.00,14.00,27.00,11.00,24.00,8.00,21.00,5.00,18.00,2.00,15.00,28.00,12.00,25.00,9.00,22.00,6.00,19.00,3.00,16.00
3,-9.67,6.78,3.89,1.00,1.33,1.67,2.00,2.33,2.67,3.00,3.33,3.67,4.00,4.33,4.67,5.00,5.33,5.67,6.00,6.33,6.67,7.00,7.33,7.67,8.00,8.33,8.67,5.78,2.89
1,-9.67,5.50,1.33,2.00,2.67,3.33,4.00,4.67,5.33,6.00,6.67,7.33,3.17,8.67,4.50,5.17,1.00,6.50,2.33,3.00,3.67,4.33,5.00,5.67,6.33,7.00,7.67,8.33,4.17
1,-6.00,3.00,3.00,4.00,4.00,2.50,2.00,2.00,2.00,2.00,5.00,2.00,2.00,4.00,4.00,2.00,2.00,4.00,4.00,1.00,4.00,4.00,4.00,4.00,3.50,2.00,2.00,3.00,3.00
1,-4.97,1.54,3.09,2.97,1.20,1.09,1.80,2.51,2.40,1.46,2.17,2.89,3.60,1.00,1.71,3.26,3.97,1.37,2.09,2.80,3.51,2.57,2.46,3.17,3.89,3.77,2.00,1.89,3.43
1,-7.25,3.12,6.25,5.75,5.25,4.75,4.25,3.75,3.25,2.75,2.25,5.37,1.25,4.37,3.87,3.37,2.87,6.00,1.87,5.00,4.50,4.00,3.50,3.00,2.50,2.00,1.50,1.00,4.12
1,-9.67,5.67,4.08,2.50,8.17,4.17,5.00,1.00,6.67,2.67,3.50,4.33,5.17,6.00,2.00,7.67,3.67,4.50,5.33,6.17,7.00,3.00,8.67,4.67,5.50,1.50,7.17,5.58,4.00
3,-9.67,3.00,6.00,5.78,2.33,5.33,8.33,1.67,4.67,7.67,1.00,4.00,7.00,6.78,3.33,6.33,2.89,2.67,5.67,8.67,2.00,5.00,8.00,1.33,4.33,7.33,3.89,3.67,6.67
1,-14.50,10.50,6.50,9.75,5.75,9.00,5.00,1.00,11.50,7.50,3.50,6.75,10.00,6.00,2.00,12.50,8.50,4.50,7.75,11.00,7.00,3.00,13.50,9.50,5.50,8.75,4.75,8.00,4.00
1,-5.80,2.27,4.53,1.00,3.27,3.60,2.00,3.30,4.60,3.00,4.30,1.73,4.00,2.40,2.73,3.07,3.40,1.80,4.07,1.50,2.80,1.20,2.50,3.80,2.20,2.53,4.80,1.27,3.53
1,-5.80,3.20,3.50,3.80,1.20,4.40,1.80,2.10,2.40,2.70,3.00,3.30,3.60,1.00,1.30,4.50,4.80,2.20,2.50,2.80,3.10,3.40,3.70,4.00,1.40,4.60,2.00,2.30,2.60
7,-14.50,6.50,13.00,5.00,11.50,3.50,10.00,2.00,8.50,7.75,7.00,13.50,5.50,12.00,4.00,10.50,2.50,9.00,1.00,7.50,6.75,6.00,12.50,4.50,11.00,3.00,9.50,1.50,8.00
1,-8.29,3.57,3.00,6.57,1.86,5.43,4.86,4.29,3.71,7.29,2.57,2.00,5.57,5.00,4.43,3.86,3.29,2.71,6.29,5.71,1.00,4.57,4.00,3.43,2.86,6.43,1.71,5.29,4.71
1,-7.25,2.50,5.00,5.69,2.75,5.25,4.12,3.00,3.69,2.56,3.25,2.12,1.00,3.50,6.00,1.25,3.75,6.25,5.12,4.00,4.69,3.56,4.25,3.12,2.00,4.50,1.56,2.25,4.75
1,-9.67,6.67,3.67,3.89,7.33,4.33,7.78,4.78,5.00,2.00,8.67,5.67,5.89,2.89,6.33,3.33,6.78,3.78,4.00,1.00,7.67,4.67,4.89,1.89,5.33,2.33,5.78,6.00,3.00
4,-9.67,4.33,8.67,3.33,7.67,2.33,6.67,1.33,5.67,2.75,4.67,4.17,3.67,8.00,2.67,7.00,1.67,6.00,5.50,5.00,6.92,4.00,8.33,3.00,7.33,2.00,6.33,1.00,5.33
1,-7.25,4.56,1.87,1.00,3.75,2.87,2.00,4.75,2.06,3.00,3.94,1.25,4.00,3.12,2.25,5.00,4.12,3.25,6.00,3.31,4.25,5.19,2.50,5.25,4.37,3.50,6.25,5.37,2.69
1,-9.67,6.33,3.00,4.50,6.00,2.67,4.17,5.67,2.33,8.67,5.33,2.00,8.33,5.00,1.67,8.00,4.67,1.33,7.67,4.33,1.00,7.33,4.00,5.50,7.00,3.67,5.17,6.67,3.33
1,-7.91,3.00,6.00,5.05,4.09,3.14,2.18,2.55,2.91,5.91,1.00,4.00,4.36,4.73,5.09,2.82,3.18,3.55,3.91,6.91,2.00,5.00,5.36,5.73,4.77,3.82,2.86,1.91,4.91
1,-5.12,1.76,3.53,3.59,1.94,2.00,2.06,2.12,3.88,2.24,4.00,2.35,4.12,2.47,2.53,2.59,2.65,1.00,2.76,1.12,2.88,1.24,3.00,3.06,3.12,3.18,1.53,1.59,3.35
15,-29.00,19.00,9.00,28.00,18.00,8.00,27.00,17.00,7.00,26.00,16.00,6.00,25.00,15.00,5.00,24.00,14.00,4.00,23.00,13.00,3.00,22.00,12.00,2.00,21.00,11.00,1.00,20.00,10.00
1,-9.67,2.00,4.00,6.00,3.17,5.17,7.17,4.33,1.50,3.50,5.50,7.50,4.67,6.67,8.67,1.00,3.00,5.00,2.17,4.17,6.17,8.17,5.33,2.50,4.50,6.50,3.67,5.67,7.67
1,-5.80,4.60,3.40,2.20,1.00,2.70,1.50,3.20,2.00,3.70,2.50,1.30,3.00,1.80,3.50,2.30,4.00,2.80,4.50,3.30,2.10,3.80,2.60,4.30,3.10,4.80,3.60,2.40,1.20
1,-9.67,4.67,3.53,4.33,7.07,4.00,8.67,3.67,4.47,3.33,8.00,3.00,7.67,2.67,7.33,2.33,7.00,2.00,6.67,1.67,6.33,5.20,6.00,1.00,5.67,2.60,5.33,6.13,5.00
1,-4.35,1.30,1.15,1.00,2.30,2.15,2.00,3.30,3.15,1.55,1.40,2.70,1.10,2.40,2.25,2.10,1.95,3.25,1.65,2.95,2.80,1.20,1.05,2.35,2.20,2.05,3.35,3.20,3.05
1,-7.25,4.75,2.25,1.82,4.50,2.00,3.64,4.25,1.75,5.46,4.00,3.57,6.25,3.75,1.25,6.00,3.50,1.00,3.68,3.25,1.79,5.50,3.00,3.61,5.25,2.75,5.43,5.00,2.50
1,-9.67,6.00,2.33,8.33,4.67,1.00,7.00,3.33,2.89,5.67,2.00,8.00,4.33,3.89,6.67,3.00,5.78,5.33,1.67,7.67,4.00,6.78,6.33,2.67,8.67,5.00,1.33,7.33,3.67
1,-9.67,6.50,3.33,5.00,6.67,3.50,5.17,2.00,3.67,5.33,2.17,8.67,5.50,7.17,4.00,5.67,2.50,4.17,1.00,7.50,4.33,6.00,7.67,4.50,6.17,3.00,4.67,6.33,3.17
1,-5.80,1.53,3.07,4.60,4.20,3.80,3.40,3.00,2.60,2.20,3.73,1.40,1.00,2.53,2.13,3.67,3.27,4.80,4.40,2.07,3.60,3.20,2.80,2.40,2.00,1.60,1.20,2.73,4.27
1,-4.58,1.89,1.50,1.11,3.00,1.84,2.21,2.58,1.42,3.32,2.92,1.00,2.89,1.74,1.34,3.24,2.84,1.68,3.58,1.66,1.26,3.16,2.00,2.37,2.74,1.58,3.47,3.08,2.68
1,-5.80,3.17,3.86,1.23,4.40,2.60,2.46,4.80,3.00,3.69,1.06,3.40,1.60,2.29,3.80,2.00,3.51,4.20,2.40,4.74,2.11,2.80,1.00,3.34,3.20,1.40,4.57,1.94,2.63
1,-8.29,1.43,2.86,4.29,5.71,3.00,4.43,5.86,7.29,4.57,6.00,3.29,4.71,2.00,3.43,4.86,6.29,3.57,5.00,2.29,3.71,1.00,2.43,3.86,5.29,2.57,4.00,5.43,6.86
2,-14.50,2.00,4.00,6.00,8.00,10.00,12.00,6.75,1.50,3.50,5.50,7.50,9.50,11.50,13.50,1.00,3.00,5.00,7.00,9.00,11.00,13.00,7.75,2.50,4.50,6.50,8.50,10.50,12.50
1,-9.67,5.67,4.89,7.33,3.33,5.78,5.00,1.00,6.67,2.67,8.33,4.33,6.78,6.00,2.00,7.67,3.67,2.89,5.33,1.33,7.00,3.00,8.67,4.67,3.89,6.33,2.33,4.78,4.00
1,-5.80,1.80,3.60,3.95,1.40,3.20,2.10,1.00,2.80,1.70,3.50,2.40,4.20,3.10,2.00,3.80,2.70,1.60,3.40,2.30,4.10,3.00,4.80,3.70,2.60,4.40,1.85,2.20,4.00
1,-7.25,3.00,6.00,1.75,4.75,2.92,3.50,1.67,2.25,5.25,1.00,4.00,4.58,2.75,3.33,3.92,4.50,2.67,3.25,6.25,2.00,5.00,5.58,3.75,4.33,2.50,5.50,1.25,4.25
1,-9.67,6.33,3.00,4.50,6.00,2.67,4.17,5.67,7.17,8.67,5.33,2.00,3.50,5.00,1.67,8.00,4.67,6.17,7.67,4.33,1.00,2.50,4.00,5.50,7.00,3.67,5.17,6.67,3.33
2,-7.25,4.12,1.00,1.50,2.00,2.50,3.00,3.50,4.00,4.50,5.00,1.87,6.00,2.87,3.37,3.87,4.37,1.25,5.37,2.25,2.75,3.25,3.75,4.25,4.75,5.25,5.75,6.25,3.12
1,-14.50,12.50,10.50,8.50,6.50,4.50,2.50,7.75,13.00,11.00,9.00,7.00,5.00,3.00,1.00,13.50,11.50,9.50,7.50,5.50,3.50,1.50,6.75,12.00,10.00,8.00,6.00,4.00,2.00
1,-7.25,4.50,3.56,6.25,3.50,2.56,5.25,2.50,1.56,4.25,5.12,6.00,3.25,4.12,5.00,2.25,3.12,4.00,1.25,2.12,3.00,5.69,4.75,2.00,4.69,3.75,1.00,3.69,2.75
1,-7.91,2.00,4.00,3.36,2.73,2.09,4.09,3.45,5.45,4.82,4.18,6.18,2.91,4.91,6.91,1.00,3.00,5.00,1.73,3.73,3.09,2.45,4.45,3.82,5.82,5.18,4.55,3.91,5.91
1,-6.44,2.78,2.33,5.11,1.44,1.00,3.78,3.33,2.89,2.44,2.00,1.56,4.33,3.89,3.44,3.00,2.56,2.11,4.89,4.44,4.00,3.56,3.11,2.67,5.44,5.00,1.33,4.11,3.67
1,-3.00,1.00,2.00,1.00,1.00,2.00,1.00,2.00,1.00,1.00,1.00,2.00,2.00,1.00,2.00,1.00,2.00,1.00,1.00,2.00,2.00,2.00,1.00,2.00,1.00,2.00,2.00,1.00,2.00
16,-29.00,3.00,6.00,9.00,12.00,15.00,18.00,21.00,24.00,27.00,1.00,4.00,7.00,10.00,13.00,16.00,19.00,22.00,25.00,28.00,2.00,5.00,8.00,11.00,14.00,17.00,20.00,23.00,26.00
1,-5.80,3.80,1.80,3.67,3.60,3.53,1.53,3.40,1.40,3.27,1.27,3.13,1.13,3.00,1.00,4.80,2.80,4.67,2.67,4.53,2.53,4.40,2.40,4.27,2.27,2.20,2.13,4.00,2.00
1,-9.67,6.67,3.67,5.50,7.33,4.33,1.33,8.00,5.00,2.00,8.67,5.67,2.67,6.92,6.33,3.33,2.75,7.00,4.00,1.00,7.67,4.67,1.67,8.33,5.33,2.33,4.17,6.00,3.00
1,-9.67,3.00,6.00,4.17,2.33,5.33,8.33,1.67,4.67,7.67,1.00,4.00,7.00,2.75,3.33,6.33,6.92,2.67,5.67,8.67,2.00,5.00,8.00,1.33,4.33,7.33,5.50,3.67,6.67
1,-7.25,3.92,3.00,4.50,6.00,2.67,1.75,3.25,4.75,6.25,2.92,2.00,3.50,5.00,1.67,5.58,2.25,3.75,5.25,4.33,1.00,2.50,4.00,5.50,4.58,1.25,2.75,4.25,3.33
9,-29.00,28.00,27.00,26.00,25.00,24.00,23.00,22.00,21.00,20.00,19.00,18.00,17.00,16.00,15.00,14.00,13.00,12.00,11.00,10.00,9.00,8.00,7.00,6.00,5.00,4.00,3.00,2.00,1.00
13,-29.00,10.00,20.00,1.00,11.00,21.00,2.00,12.00,22.00,3.00,13.00,23.00,4.00,14.00,24.00,5.00,15.00,25.00,6.00,16.00,26.00,7.00,17.00,27.00,8.00,18.00,28.00,9.00,19.00
1,-7.25,4.12,1.00,5.12,2.00,2.50,3.00,3.50,4.00,4.50,5.00,3.69,6.00,4.69,1.56,5.69,2.56,1.25,3.56,2.25,2.75,3.25,3.75,4.25,4.75,5.25,2.12,6.25,3.12
1,-7.25,3.75,2.06,4.00,4.12,4.25,4.37,4.50,1.00,4.75,3.06,5.00,5.12,5.25,5.37,1.87,2.00,2.12,2.25,4.19,2.50,6.25,2.75,2.87,3.00,3.12,3.25,5.19,3.50
1,-9.67,1.67,3.33,5.00,6.67,8.33,2.75,2.00,3.67,5.33,7.00,8.67,5.50,2.33,4.00,5.67,7.33,4.17,1.00,2.67,4.33,6.00,7.67,6.92,1.33,3.00,4.67,6.33,8.00
11,-29.00,21.00,13.00,5.00,26.00,18.00,10.00,2.00,23.00,15.00,7.00,28.00,20.00,12.00,4.00,25.00,17.00,9.00,1.00,22.00,14.00,6.00,27.00,19.00,11.00,3.00,24.00,16.00,8.00
2,-9.67,5.92,2.17,5.67,4.33,3.00,6.50,5.17,8.67,7.33,6.00,4.67,3.33,2.00,5.50,4.17,7.67,6.33,5.00,3.67,2.33,1.00,4.50,3.17,6.67,5.33,4.00,7.50,3.75
2,-14.50,11.50,8.50,5.50,2.50,6.75,11.00,8.00,5.00,2.00,13.50,10.50,7.50,4.50,1.50,13.00,10.00,7.00,4.00,1.00,12.50,9.50,6.50,3.50,7.75,12.00,9.00,6.00,3.00
1,-7.91,4.73,4.18,1.00,5.73,5.18,2.00,6.73,3.55,3.00,2.45,4.55,4.00,3.45,5.55,2.36,4.45,3.91,3.36,5.45,4.91,4.36,1.18,5.91,2.73,2.18,6.91,3.73,3.18
1,-9.67,4.00,8.00,7.17,6.33,5.50,4.67,8.67,3.00,7.00,6.17,5.33,4.50,3.67,7.67,2.00,6.00,5.17,4.33,3.50,2.67,6.67,1.00,5.00,4.17,3.33,2.50,1.67,5.67
1,-9.67,1.67,3.33,5.00,6.67,8.33,6.78,2.00,3.67,5.33,7.00,8.67,3.89,2.33,4.00,5.67,7.33,5.78,1.00,2.67,4.33,6.00,7.67,2.89,1.33,3.00,4.67,6.33,8.00
1,-5.80,3.07,2.27,3.40,4.53,1.80,1.00,2.13,3.27,4.40,3.60,2.80,2.00,3.13,4.27,1.53,2.67,3.80,3.00,2.20,1.40,2.53,3.67,4.80,4.00,1.27,2.40,3.53,2.73
1,-6.69,3.00,3.77,2.31,3.08,3.85,4.62,5.38,1.69,4.69,1.00,4.00,4.77,3.31,4.08,2.62,3.38,1.92,2.69,5.69,2.00,5.00,1.31,2.08,2.85,3.62,4.38,2.92,3.69
1,-5.80,4.40,3.00,1.60,4.55,4.60,3.20,1.80,3.30,4.80,3.40,2.00,3.50,3.55,3.60,2.20,2.25,2.30,3.80,2.40,1.00,2.50,4.00,2.60,1.20,1.25,4.20,2.80,1.40
1,-9.67,7.00,4.33,1.67,8.67,6.00,3.33,3.89,7.67,5.00,2.33,2.89,6.67,4.00,1.33,8.33,5.67,3.00,6.78,7.33,4.67,2.00,5.78,6.33,3.67,1.00,8.00,5.33,2.67
1,-9.67,6.58,3.50,7.67,7.00,6.33,5.67,5.00,4.33,3.67,3.00,4.75,1.67,1.00,5.17,4.50,8.67,8.00,4.92,6.67,6.00,5.33,4.67,4.00,3.33,2.67,2.00,6.17,3.08
1,-9.67,2.17,4.33,6.50,8.67,3.58,5.75,5.50,7.67,5.00,7.17,4.50,6.67,4.00,6.17,3.50,5.67,3.00,5.17,2.50,4.67,2.00,4.17,3.92,6.08,1.00,3.17,5.33,7.50
1,-9.67,2.00,4.00,6.00,8.00,3.56,5.56,4.33,6.33,5.11,7.11,2.67,4.67,6.67,8.67,1.00,3.00,5.00,7.00,2.56,4.56,3.33,5.33,4.11,6.11,1.67,3.67,5.67,7.67
1,-7.25,5.25,3.25,1.25,2.87,4.50,2.50,4.12,5.75,3.75,1.75,5.19,5.00,3.00,1.00,6.25,4.25,2.25,2.06,5.50,3.50,1.50,3.12,4.75,2.75,4.37,6.00,4.00,2.00
1,-3.00,1.00,2.00,1.00,1.00,1.00,2.00,2.00,1.00,1.00,2.00,2.00,1.00,2.00,2.00,1.00,1.00,2.00,1.00,1.00,2.00,2.00,1.00,1.00,2.00,2.00,2.00,1.00,2.00
1,-5.27,2.73,2.82,2.91,3.00,3.09,3.18,3.27,3.36,3.45,3.55,1.00,1.09,1.18,3.91,1.36,4.09,4.18,4.27,1.73,1.82,1.91,2.00,2.09,2.18,2.27,2.36,2.45,2.55
1,-5.18,2.00,2.96,3.93,3.86,2.75,2.68,3.64,2.54,1.43,3.43,2.32,1.21,3.21,4.18,1.00,1.96,3.96,2.86,1.75,3.75,2.64,1.54,2.50,2.43,1.32,1.25,2.21,3.18
1,-9.67,2.00,4.00,6.00,8.00,6.78,2.33,4.33,6.33,8.33,3.89,2.67,4.67,6.67,8.67,1.00,3.00,5.00,7.00,5.78,1.33,3.33,5.33,7.33,2.89,1.67,3.67,5.67,7.67
