count,b,a_0,a_1,a_2,a_3,a_4,a_5,a_6,a_7,a_8,a_9,a_10,a_11,a_12,a_13,a_14,a_15,a_16,a_17,a_18,a_19,a_20,a_21,a_22,a_23,a_24,a_25,a_26,a_27,a_28
1,-15.00,12.00,7.50,5.00,12.50,2.00,4.50,10.00,9.00,6.00,14.00,2.50,9.50,7.00,9.00,7.00,6.00,3.00,4.00,6.50,11.00,1.00,10.50,8.00,3.50,11.50,8.00,13.00,8.50,5.50
1,-7.50,4.50,3.75,2.50,6.25,3.25,4.50,5.00,5.25,2.25,4.00,1.25,3.25,2.00,5.25,2.00,2.25,3.00,6.50,4.00,1.00,3.50,3.00,5.50,1.00,6.50,5.50,4.25,3.50,4.25
1,-6.00,4.50,3.00,2.00,5.00,2.00,3.00,4.00,3.00,3.00,2.00,1.00,3.50,2.50,3.00,1.00,3.00,1.50,4.00,2.00,2.00,4.00,3.00,3.50,4.25,1.75,5.00,4.00,4.00,2.50
15,-30.00,12.00,15.00,20.00,5.00,2.00,27.00,10.00,24.00,6.00,14.00,25.00,17.00,22.00,9.00,7.00,21.00,18.00,4.00,29.00,26.00,16.00,3.00,8.00,11.00,19.00,23.00,28.00,1.00,13.00
1,-5.00,1.00,2.50,3.33,3.33,1.00,1.83,1.67,2.00,3.00,2.00,1.67,1.83,2.67,2.83,2.67,2.17,4.00,2.00,2.83,3.00,3.00,3.17,2.33,3.83,1.17,2.33,4.00,2.17,3.17
1,-10.00,8.00,5.00,6.67,1.67,4.67,3.00,3.33,6.00,4.00,2.67,8.33,6.33,4.67,1.00,6.33,9.00,2.00,2.67,7.67,7.33,7.33,7.00,5.33,5.67,4.33,3.67,5.33,2.33,3.67
1,-6.00,2.40,3.00,2.00,5.00,4.40,2.40,4.00,4.80,1.20,3.80,1.00,4.40,3.40,4.80,3.40,1.20,3.60,2.80,3.80,3.20,2.20,3.60,2.60,3.20,2.80,2.60,1.60,2.20,1.60
1,-7.50,3.00,3.75,2.50,2.50,5.50,3.00,5.00,6.00,1.50,4.75,5.00,5.50,2.38,6.00,2.38,1.50,4.50,3.50,1.00,4.00,2.75,4.50,5.13,4.00,3.50,5.13,2.00,6.50,2.00
3,-15.00,6.00,7.50,5.00,5.00,11.00,6.00,10.00,12.00,3.00,2.00,10.00,11.00,1.00,12.00,8.50,3.00,9.00,7.00,2.00,8.00,13.00,9.00,14.00,8.00,7.00,6.50,4.00,13.00,4.00
1,-10.00,8.00,5.00,3.33,8.33,4.67,3.00,6.67,6.00,4.00,6.00,1.67,6.33,4.67,1.00,3.00,9.00,2.00,2.67,4.33,7.33,4.00,7.00,5.33,5.67,4.33,7.00,5.33,5.67,3.67
1,-5.00,2.00,2.50,1.67,3.33,2.00,2.00,3.33,2.33,2.67,4.00,1.67,2.00,2.00,4.00,2.00,1.00,3.00,4.00,4.00,1.00,1.00,3.00,3.00,1.00,4.00,3.00,3.00,1.00,3.00
1,-6.00,3.60,3.00,4.00,1.00,1.60,2.10,2.00,4.20,1.80,3.20,5.00,4.60,4.60,3.20,2.60,2.80,2.40,3.20,2.20,2.80,2.80,3.90,1.40,2.80,3.20,3.40,4.40,3.80,1.40
1,-5.00,3.00,2.50,2.67,3.67,2.67,2.00,2.33,1.00,4.00,1.67,1.33,3.67,3.33,3.00,1.33,2.00,2.00,3.33,3.67,1.67,3.33,3.00,1.67,3.67,1.33,3.67,2.33,1.33,1.33
1,-10.00,2.00,5.00,3.33,5.00,2.00,7.00,6.67,4.00,6.00,4.00,5.00,7.00,2.00,9.00,7.00,1.00,8.00,4.00,5.67,6.00,6.00,3.00,8.00,1.00,9.00,3.00,8.00,4.33,3.00
1,-5.00,1.00,2.50,2.50,2.50,1.00,3.50,2.50,2.00,3.00,2.00,2.50,3.50,1.00,2.00,1.00,3.00,4.00,2.00,2.00,3.00,3.00,1.50,4.00,3.00,2.00,4.00,4.00,3.00,1.50
1,-10.00,6.00,5.00,5.00,5.00,6.00,6.00,5.00,7.00,3.00,2.00,5.00,6.00,6.00,7.00,1.00,3.00,4.00,2.00,2.00,8.00,8.00,4.00,4.00,3.00,7.00,9.00,4.00,8.00,4.00
1,-5.00,3.17,2.50,1.67,2.50,4.00,4.00,3.33,3.00,2.00,3.00,2.50,4.00,1.50,3.00,4.00,2.00,1.83,3.00,3.00,2.00,2.00,1.00,3.50,2.00,3.00,1.00,1.00,2.00,1.00
1,-10.00,2.00,5.00,5.00,5.00,2.00,7.00,5.00,4.00,6.00,4.00,5.00,7.00,2.00,4.00,7.00,6.00,8.00,4.00,9.00,6.00,6.00,3.00,8.00,1.00,9.00,3.00,8.00,1.00,3.00
1,-6.00,1.40,3.00,2.00,5.00,2.40,1.40,4.00,2.80,3.20,1.80,1.00,1.40,1.40,2.80,1.40,3.20,4.60,2.80,2.80,3.20,4.20,4.60,4.60,3.20,2.80,4.60,3.60,3.20,4.60
1,-7.50,3.00,3.75,5.00,4.38,5.50,4.88,2.50,2.25,5.25,1.00,3.13,3.63,4.25,4.13,2.38,3.38,4.50,3.50,2.88,4.00,6.50,2.63,3.25,2.13,5.38,5.13,2.00,4.63,3.88
3,-15.00,12.00,7.50,10.00,10.00,7.00,12.00,5.00,9.00,6.00,4.00,5.00,7.00,2.00,9.00,9.50,6.00,3.00,14.00,4.00,1.00,11.00,3.00,13.00,8.50,6.50,5.50,8.00,11.00,8.00
1,-5.00,4.00,2.50,3.33,2.50,4.00,2.33,1.67,3.00,2.00,3.00,2.50,1.50,2.33,3.00,1.50,2.00,1.00,3.00,1.33,2.00,2.00,2.67,2.67,3.67,1.33,3.50,1.00,3.67,3.50
1,-10.00,4.00,5.00,5.00,7.50,6.50,9.00,5.00,8.00,2.00,5.50,2.50,6.50,4.00,3.00,4.00,7.00,6.00,3.00,5.50,7.00,4.50,1.00,6.00,7.00,3.00,6.00,3.50,4.50,3.50
1,-7.50,3.00,3.75,5.00,1.25,4.25,3.00,2.50,2.25,5.25,3.50,6.25,4.25,5.50,6.00,5.50,1.50,4.50,4.75,3.50,2.75,4.00,4.50,2.00,6.50,1.00,2.00,3.25,4.00,3.25
1,-10.00,4.00,5.00,5.00,5.00,4.00,9.00,5.00,8.00,2.00,8.00,5.00,4.00,4.00,3.00,9.00,7.00,6.00,8.00,3.00,2.00,2.00,1.00,6.00,7.00,3.00,1.00,6.00,7.00,6.00
1,-4.29,1.05,2.14,2.70,2.94,2.79,3.19,1.59,2.10,2.19,2.89,1.35,1.60,2.16,3.29,1.44,1.00,3.24,3.21,1.70,1.08,1.40,1.10,2.13,2.75,1.54,2.84,1.49,2.59,2.68
1,-15.00,12.00,7.50,5.00,5.00,2.00,4.50,10.00,9.00,6.00,14.00,10.00,9.50,7.00,9.00,7.00,6.00,3.00,4.00,6.50,11.00,1.00,10.50,8.00,3.50,11.50,8.00,13.00,8.50,5.50
1,-10.00,2.00,5.00,3.33,5.00,2.00,7.00,6.67,4.00,6.00,4.00,5.00,7.00,5.33,9.00,7.00,1.00,8.00,4.00,4.00,6.00,6.00,3.00,4.67,2.67,7.33,3.00,8.00,6.00,3.00
1,-10.00,4.00,5.00,5.00,5.00,4.00,4.00,5.00,8.00,2.00,8.00,5.00,9.00,4.00,3.00,9.00,7.00,6.00,8.00,3.00,2.00,2.00,6.00,6.00,7.00,3.00,1.00,6.00,7.00,1.00
1,-5.00,4.00,2.50,1.67,1.67,2.33,4.00,3.33,3.00,2.00,1.33,3.33,2.33,2.33,3.00,2.33,2.00,1.00,1.33,1.33,3.67,3.67,1.00,2.67,3.67,1.33,2.67,2.67,3.67,2.67
1,-6.00,3.60,3.00,2.00,5.00,3.60,3.60,4.00,1.20,4.80,1.20,1.00,3.60,3.60,2.20,3.60,3.80,2.40,1.20,1.20,4.80,4.80,2.40,2.40,4.80,1.20,2.40,2.40,4.80,2.40
1,-3.00,1.00,1.50,1.00,2.00,2.00,1.00,2.00,2.00,1.00,2.00,1.00,2.00,1.00,1.00,1.00,2.00,2.00,2.00,1.00,1.00,1.00,2.00,2.00,1.00,2.00,2.00,1.00,2.00,1.00
1,-10.00,4.00,5.00,3.33,8.33,7.33,9.00,6.67,8.00,2.00,4.67,1.67,5.67,7.33,3.00,5.67,7.00,6.00,4.67,6.33,5.33,5.33,1.00,2.67,3.67,6.33,4.33,2.67,3.67,4.33
1,-6.00,2.00,3.00,4.00,3.00,4.00,3.00,2.00,4.00,2.00,4.00,3.00,1.00,4.00,5.00,3.00,1.00,4.00,2.00,3.00,4.00,2.00,3.00,2.00,5.00,1.00,3.00,2.00,3.00,5.00
1,-5.00,3.00,2.50,3.33,3.33,3.00,3.00,1.67,1.00,4.00,1.00,1.67,3.00,3.00,1.00,3.00,4.00,2.00,2.67,1.00,2.33,4.00,2.00,2.00,2.33,2.67,2.00,2.00,4.00,2.00
1,-7.50,2.25,3.75,2.50,5.00,3.50,2.25,5.00,4.50,3.00,2.00,2.50,3.50,1.00,4.50,4.75,3.00,5.25,3.25,5.75,4.25,5.50,5.25,6.50,4.25,3.25,2.75,4.00,1.75,4.00
1,-4.47,1.53,2.23,1.49,3.09,1.74,1.85,2.98,2.43,2.04,2.00,1.38,1.43,3.23,1.47,1.00,3.00,2.94,2.85,2.96,1.62,2.47,2.62,1.23,3.21,1.26,3.47,2.72,1.51,3.04
2,-10.00,8.00,5.00,6.67,5.00,4.67,3.00,3.33,6.00,4.00,6.00,5.00,3.00,8.00,1.00,6.33,9.00,2.00,6.00,7.67,4.00,4.00,7.00,2.00,5.67,4.33,3.67,5.33,2.33,7.00
1,-6.00,4.50,3.00,4.00,1.00,4.00,3.00,2.00,3.00,3.00,4.00,5.00,4.00,2.00,3.00,5.00,3.00,1.50,2.00,2.50,4.00,2.00,3.00,4.00,1.00,5.00,1.00,2.00,3.50,2.00
2,-15.00,12.00,7.50,5.00,5.00,2.00,12.00,10.00,9.00,6.00,6.50,10.00,2.00,7.00,9.00,7.00,6.00,3.00,4.00,14.00,11.00,8.50,3.00,8.00,11.00,4.00,8.00,13.00,1.00,13.00
1,-5.00,3.00,2.50,2.50,2.50,3.00,3.00,2.50,3.50,1.50,1.00,2.50,3.00,3.00,1.00,3.00,4.00,2.00,1.00,3.50,4.00,4.00,2.00,2.00,4.00,1.00,2.00,2.00,1.50,2.00
1,-5.00,2.00,2.50,3.33,1.67,2.00,2.00,1.67,4.00,1.00,4.00,3.33,2.00,2.00,4.00,2.00,1.00,3.00,4.00,2.33,1.00,1.00,3.00,3.00,1.00,4.00,3.00,3.00,2.67,3.00
1,-6.00,2.80,3.00,2.00,5.00,2.80,1.80,4.00,3.60,2.40,4.60,1.00,2.80,2.80,4.60,2.80,1.40,3.20,4.60,4.60,1.40,1.40,4.20,3.20,1.40,4.60,3.20,3.20,1.40,3.20
1,-6.92,4.15,3.46,3.85,5.00,3.38,3.00,3.08,1.38,5.54,2.92,1.92,4.54,4.92,4.85,3.77,2.08,2.77,4.46,4.08,2.46,4.00,3.92,2.00,5.92,1.00,3.15,3.54,2.85,2.38
1,-4.29,3.00,2.14,1.43,1.43,2.29,3.00,2.86,1.71,2.57,1.00,2.86,1.21,1.57,1.71,2.64,2.57,1.29,1.36,3.14,2.93,3.29,1.29,2.71,2.93,1.36,1.64,2.00,1.14,3.07
1,-6.92,5.08,3.46,3.08,1.92,1.23,3.92,3.85,3.23,3.69,4.00,5.00,4.69,2.00,4.38,3.15,2.54,1.85,2.46,2.85,4.46,2.92,3.00,4.92,1.00,5.92,3.77,5.69,4.08,2.23
2,-10.00,6.00,5.00,5.00,5.00,6.00,6.00,5.00,2.00,8.00,2.00,5.00,1.00,6.00,7.00,6.00,3.00,4.00,2.00,7.00,8.00,8.00,4.00,4.00,3.00,7.00,4.00,4.00,3.00,9.00
1,-6.00,4.80,3.00,2.00,5.00,2.00,3.00,4.00,3.60,2.40,2.00,1.00,5.00,4.00,3.00,1.00,3.00,1.20,4.00,5.00,2.00,4.00,3.00,2.00,5.00,1.00,5.00,4.00,1.00,1.00
1,-7.50,1.50,3.75,5.00,3.13,6.50,5.25,2.50,3.00,4.50,4.25,4.38,2.75,4.00,4.88,5.88,2.63,6.00,5.50,4.25,2.00,3.25,2.25,3.50,5.75,1.75,1.63,1.00,3.25,4.75
1,-15.00,9.00,7.50,5.00,5.00,6.50,9.00,10.00,10.50,4.50,8.00,10.00,14.00,4.00,3.00,11.50,12.00,6.00,13.00,8.00,2.00,7.00,6.00,11.00,9.50,5.50,3.50,8.50,7.00,1.00
1,-8.57,3.43,4.29,5.71,5.00,2.00,5.57,2.86,2.57,6.00,4.00,3.57,4.86,6.29,3.29,2.00,5.29,5.14,4.00,7.57,4.57,4.57,3.00,2.29,3.14,5.43,6.57,6.57,1.00,3.71
1,-5.00,2.00,2.50,3.33,3.33,2.00,2.00,1.67,4.00,1.00,4.00,1.67,2.00,2.00,4.00,2.00,1.00,3.00,4.00,4.00,1.00,1.00,3.00,3.00,1.00,4.00,3.00,3.00,1.00,3.00
1,-7.50,6.00,3.75,5.00,5.00,3.50,6.00,2.50,4.50,3.00,2.00,2.50,3.50,1.00,4.50,1.00,3.00,1.50,3.25,2.00,4.25,5.50,1.50,6.50,4.25,3.25,6.50,4.00,5.50,4.00
1,-6.00,1.20,3.00,4.00,1.00,3.82,3.28,2.00,2.40,3.60,3.17,5.00,1.74,2.74,2.63,2.51,3.37,4.80,1.63,1.09,4.37,2.83,2.72,3.26,2.29,3.71,3.49,2.18,4.91,4.26
1,-6.00,1.80,3.00,2.00,5.00,2.30,1.80,4.00,3.60,2.40,4.10,1.00,3.80,2.80,3.60,2.80,2.40,4.20,4.60,4.10,1.40,1.90,4.20,3.20,1.40,4.60,3.20,3.70,1.90,2.20
2,-15.00,6.00,7.50,10.00,2.50,1.00,6.00,5.00,12.00,3.00,7.00,12.50,8.50,11.00,4.50,3.50,10.50,9.00,2.00,7.00,13.00,8.00,9.00,4.00,5.50,9.50,11.50,14.00,8.00,6.50
1,-3.00,1.00,1.50,1.00,2.00,2.00,1.00,2.00,2.00,1.00,2.00,1.00,1.00,1.00,2.00,1.00,1.00,2.00,1.00,1.00,2.00,1.00,2.00,2.00,2.00,1.00,2.00,1.00,2.00,2.00
1,-10.00,2.00,5.00,5.00,5.00,2.00,7.00,5.00,4.00,6.00,4.00,5.00,2.00,7.00,9.00,7.00,1.00,8.00,4.00,4.00,6.00,6.00,3.00,3.00,6.00,4.00,3.00,8.00,6.00,8.00
1,-7.50,1.50,3.75,2.50,2.50,4.00,1.50,5.00,3.00,4.50,5.50,5.00,4.00,4.00,3.00,6.50,4.50,6.00,1.75,5.50,5.75,2.00,6.00,3.50,2.00,5.50,1.00,3.50,2.00,3.50
1,-6.00,3.60,3.00,4.00,1.00,3.60,3.60,2.00,1.20,4.80,4.20,5.00,2.60,3.60,4.20,2.60,1.80,2.40,3.20,2.20,2.80,1.80,2.40,2.40,1.80,4.20,3.40,2.40,3.80,3.40
1,-7.50,1.50,3.75,2.50,6.25,4.00,5.25,5.00,3.00,4.50,5.50,1.25,5.88,6.50,4.88,2.75,2.63,6.00,4.25,3.63,3.25,2.00,2.25,1.00,3.25,4.25,4.75,3.50,3.88,1.63
2,-6.00,4.00,3.00,2.00,5.00,4.00,3.00,4.00,4.00,2.00,4.00,1.00,3.00,2.00,3.00,5.00,3.00,2.00,2.00,3.00,4.00,2.00,3.00,4.00,1.00,5.00,1.00,2.00,3.00,3.00
1,-7.50,4.50,3.75,5.00,5.00,3.50,3.00,2.50,1.50,6.00,3.50,2.50,5.00,5.50,3.00,4.00,4.50,3.00,2.50,2.00,5.00,4.00,4.50,2.00,6.50,1.00,3.50,4.00,5.50,2.50
1,-6.00,1.20,3.00,2.00,5.00,1.20,1.20,4.00,2.40,3.60,2.40,1.00,1.20,1.20,2.40,1.20,3.60,4.80,2.40,2.40,3.60,3.60,4.80,4.80,3.60,2.40,4.80,4.80,3.60,4.80
1,-7.50,4.50,3.75,2.50,6.25,4.00,5.25,5.00,3.00,4.50,4.00,1.25,3.25,2.00,5.25,5.75,2.25,3.00,6.50,1.75,1.00,3.50,2.25,5.50,4.75,2.75,1.75,3.50,5.75,4.25
1,-5.00,2.00,2.50,1.67,1.67,3.67,2.00,3.33,1.50,3.50,3.17,3.33,3.67,2.83,4.00,1.58,1.00,3.00,2.33,3.17,2.67,1.83,3.00,2.17,2.67,2.33,3.42,1.33,1.83,1.33
1,-5.00,2.00,2.50,2.92,1.67,3.67,3.25,2.08,4.00,1.00,3.17,3.33,1.17,1.58,1.50,2.83,3.50,3.00,2.33,3.17,2.67,1.83,1.75,3.42,1.42,3.58,2.17,1.33,1.83,3.83
2,-5.00,3.50,2.50,2.50,2.50,1.00,1.00,2.50,2.00,3.00,2.00,2.50,1.00,1.00,2.00,3.50,3.00,1.50,2.00,2.00,3.00,3.00,4.00,4.00,3.00,2.00,1.50,4.00,3.00,4.00
1,-6.00,4.80,3.00,2.00,5.00,3.80,4.80,4.00,3.60,2.40,2.60,1.00,3.80,2.80,3.60,2.80,2.40,1.20,1.60,2.60,4.40,3.40,1.20,3.20,4.40,1.60,3.20,2.20,3.40,2.20
1,-5.00,4.00,2.50,2.29,2.29,3.17,4.00,2.71,3.00,2.00,3.42,2.71,3.17,2.33,3.00,1.71,2.00,1.00,1.33,3.42,3.67,1.58,1.00,2.67,2.42,2.58,3.29,1.83,1.58,1.83
1,-5.00,2.00,2.50,2.50,2.50,2.00,2.00,2.50,4.00,1.00,1.50,2.50,2.00,2.00,4.00,2.00,1.00,3.00,4.00,1.50,1.00,3.50,3.00,3.00,1.00,4.00,3.00,3.00,3.50,3.00
1,-10.00,4.00,5.00,6.67,1.67,5.67,9.00,3.33,8.00,2.00,4.67,8.33,5.67,7.33,3.00,7.33,7.00,6.00,6.33,4.67,3.67,5.33,1.00,2.67,3.67,6.33,2.67,4.33,5.33,4.33
1,-15.00,6.00,7.50,10.00,10.00,1.00,6.00,5.00,12.00,3.00,7.00,5.00,8.50,11.00,12.00,11.00,3.00,9.00,2.00,7.00,13.00,8.00,9.00,4.00,5.50,9.50,4.00,14.00,8.00,6.50
1,-4.00,3.00,2.00,2.00,3.00,2.00,1.00,2.00,2.00,2.00,2.00,1.00,3.00,2.00,1.00,1.00,3.00,1.00,2.00,2.00,2.00,2.00,3.00,2.00,1.00,3.00,3.00,2.00,2.00,1.00
1,-15.00,4.50,7.50,5.00,5.00,2.00,12.00,10.00,9.00,6.00,6.50,10.00,9.50,7.00,9.00,7.00,6.00,10.50,4.00,14.00,11.00,8.50,3.00,8.00,3.50,11.50,8.00,13.00,1.00,5.50
1,-3.00,2.00,1.50,2.00,1.00,2.00,1.00,1.00,1.00,2.00,2.00,2.00,1.00,2.00,1.00,1.00,2.00,1.00,2.00,2.00,1.00,1.00,2.00,1.00,1.00,2.00,2.00,1.00,1.00,2.00
1,-7.50,6.00,3.75,5.00,5.00,5.00,3.00,2.50,4.50,3.00,3.50,2.50,6.50,4.00,3.00,5.50,4.50,1.50,5.50,5.00,2.00,4.00,4.50,3.50,3.50,4.00,2.00,2.50,2.50,1.00
1,-7.50,1.50,3.75,2.50,2.50,4.00,1.50,5.00,3.00,4.50,5.50,5.00,4.00,6.50,3.00,6.50,4.50,6.00,4.25,5.50,3.25,2.00,6.00,1.00,3.25,4.25,1.00,3.50,2.00,3.50
1,-10.00,3.00,5.00,5.00,5.00,8.00,3.00,5.00,6.00,4.00,6.00,5.00,3.00,8.00,6.00,8.00,4.00,7.00,6.00,6.00,4.00,4.00,7.00,2.00,9.00,1.00,2.00,2.00,4.00,7.00
1,-6.00,2.40,3.00,2.00,5.00,2.40,2.40,4.00,4.80,1.20,4.80,1.00,2.40,2.40,4.80,2.40,1.20,3.60,4.80,4.80,1.20,1.20,3.60,3.60,1.20,4.80,3.60,3.60,1.20,3.60
1,-6.00,3.60,3.00,4.00,1.00,3.60,3.60,2.00,1.20,4.80,4.20,5.00,4.60,3.60,4.20,2.60,1.80,2.40,3.20,2.20,2.80,1.80,2.40,2.40,1.80,4.20,3.40,2.40,3.80,1.40
2,-15.00,9.00,7.50,10.00,2.50,4.00,1.50,5.00,3.00,12.00,13.00,12.50,11.50,14.00,10.50,6.50,4.50,6.00,8.00,5.50,7.00,2.00,13.50,1.00,7.00,8.00,8.50,11.00,9.50,3.50
1,-10.00,4.00,5.00,5.00,5.00,4.00,9.00,5.00,8.00,2.00,8.00,5.00,4.00,4.00,3.00,4.00,7.00,6.00,8.00,3.00,2.00,2.00,1.00,6.00,7.00,3.00,6.00,6.00,7.00,6.00
1,-5.00,3.00,2.50,2.50,3.75,3.00,3.00,2.50,1.00,4.00,1.00,1.25,3.00,3.00,2.25,3.00,2.75,2.00,3.50,3.50,1.50,4.00,2.00,2.00,4.00,1.00,2.00,2.00,1.50,2.00
1,-7.50,3.00,3.75,5.00,1.25,4.25,3.00,2.50,2.25,5.25,3.50,6.25,4.25,5.50,2.25,5.50,5.25,4.50,1.00,3.50,6.50,4.00,4.50,2.00,2.75,4.75,2.00,3.25,4.00,3.25
1,-6.00,3.00,3.00,4.00,2.50,4.00,3.00,2.00,4.50,1.50,4.00,3.50,1.00,2.00,3.00,5.00,3.00,3.00,2.00,1.00,4.00,2.00,3.00,4.00,4.00,2.00,1.00,2.00,5.00,5.00
1,-10.00,2.00,5.00,3.33,8.33,5.33,7.00,6.67,4.00,6.00,7.33,1.67,2.83,8.67,9.00,3.67,1.00,8.00,5.67,2.33,4.33,2.67,3.00,1.33,4.33,5.67,6.33,4.67,7.67,7.17
1,-15.00,9.00,7.50,10.00,10.00,4.00,9.00,5.00,10.50,4.50,13.00,5.00,4.00,6.50,3.00,14.00,12.00,6.00,8.00,5.50,7.00,2.00,6.00,8.50,7.00,8.00,1.00,11.00,9.50,11.00
1,-15.00,12.00,7.50,10.00,10.00,7.00,12.00,5.00,9.00,6.00,4.00,5.00,7.00,2.00,9.00,9.50,6.00,3.00,6.50,4.00,8.50,11.00,3.00,13.00,1.00,14.00,5.50,8.00,11.00,8.00
1,-6.43,3.43,3.21,2.14,5.36,4.86,3.43,4.29,4.71,1.71,4.00,1.07,2.36,2.00,2.21,3.79,4.21,3.00,3.29,4.00,3.14,2.43,3.00,4.43,1.00,5.43,2.64,1.57,2.43,4.07
1,-5.71,2.00,2.86,2.38,1.67,4.38,2.71,3.33,1.86,3.86,3.52,4.05,2.24,2.48,4.71,1.76,1.00,3.71,4.48,3.52,1.24,2.19,3.00,3.24,3.38,2.33,3.95,1.33,2.19,3.48
1,-5.00,4.00,2.50,3.33,2.33,2.33,1.50,1.67,3.00,2.00,3.33,2.67,3.33,1.67,1.00,1.67,4.00,1.00,1.67,2.33,3.33,1.67,3.50,3.33,3.33,1.67,3.33,2.67,2.67,1.67
3,-6.00,2.40,3.00,4.00,1.00,2.40,2.40,2.00,4.80,1.20,4.80,5.00,2.40,2.40,4.80,2.40,1.20,3.60,4.80,4.80,1.20,1.20,3.60,3.60,1.20,4.80,3.60,3.60,1.20,3.60
1,-7.50,6.00,3.75,5.00,5.00,3.50,4.13,2.50,4.50,3.00,2.00,2.50,3.50,4.75,4.50,1.00,3.00,1.50,5.13,2.00,2.38,5.50,3.38,2.75,6.13,1.38,6.50,4.00,5.50,4.00
1,-10.00,6.00,5.00,5.00,5.00,6.00,6.00,5.00,2.00,8.00,7.00,5.00,1.00,6.00,7.00,6.00,3.00,4.00,2.00,2.00,8.00,3.00,4.00,4.00,3.00,7.00,4.00,4.00,8.00,9.00
1,-7.50,1.50,3.75,2.50,2.50,4.00,3.38,5.00,3.00,4.50,5.50,5.00,4.00,6.50,4.88,2.75,2.63,6.00,2.38,1.75,5.13,2.00,4.13,1.00,3.25,4.25,4.75,3.50,5.75,3.50
4,-15.00,12.00,7.50,5.00,5.00,2.00,12.00,10.00,9.00,6.00,14.00,10.00,2.00,7.00,9.00,7.00,6.00,3.00,4.00,6.50,11.00,1.00,3.00,8.00,11.00,4.00,8.00,13.00,8.50,13.00
1,-6.18,3.00,3.09,2.06,3.82,4.18,3.00,4.12,1.59,4.59,3.65,2.35,4.18,1.82,4.24,3.59,1.94,3.18,2.18,1.00,4.00,2.53,3.18,4.35,4.00,2.18,2.59,2.00,5.18,2.00
1,-4.00,2.00,2.00,2.00,1.00,2.00,3.00,2.00,2.00,2.00,2.00,3.00,1.00,2.00,3.00,1.00,1.00,2.00,2.00,1.00,2.00,2.00,1.00,2.00,3.00,1.00,3.00,2.00,3.00,3.00
1,-5.00,2.00,2.50,3.33,2.50,2.00,3.67,1.67,4.00,1.00,2.33,2.50,3.67,2.83,1.50,2.00,3.50,3.00,3.58,1.50,1.42,2.67,1.33,2.17,3.50,1.50,3.00,3.00,3.50,1.33
1,-6.00,3.20,3.00,2.00,5.00,1.20,1.20,4.00,2.40,3.60,2.40,1.00,2.20,1.20,2.40,4.20,3.60,2.80,2.40,2.40,3.60,3.60,4.80,4.80,3.60,2.40,1.80,4.80,3.60,3.80
5,-15.00,3.00,7.50,5.00,12.50,8.00,10.50,10.00,6.00,9.00,11.00,2.50,8.00,13.00,13.50,5.50,1.50,12.00,1.00,3.50,14.00,4.00,4.50,2.00,6.50,8.50,9.50,7.00,11.50,7.00
1,-7.50,4.50,3.75,4.38,2.50,5.13,4.50,3.13,1.50,6.00,4.00,5.00,1.38,2.00,3.38,2.00,4.13,3.00,2.75,4.00,4.75,3.50,3.00,5.50,1.00,6.50,5.50,2.38,3.50,6.13
1,-6.18,1.59,3.09,4.12,4.12,2.18,4.24,2.06,2.29,3.88,2.00,2.06,2.18,2.76,3.18,1.00,3.00,4.59,4.35,3.76,1.82,4.18,1.94,3.41,4.47,1.71,5.18,4.00,2.41,4.00
1,-6.00,2.40,3.00,4.00,1.00,4.00,4.20,2.00,2.40,3.60,4.00,5.00,2.20,3.20,3.00,5.00,3.00,3.60,4.40,3.40,1.60,2.00,1.80,2.80,4.60,1.40,1.00,2.00,2.60,3.80
1,-5.00,3.00,2.50,3.33,1.33,3.33,3.00,1.67,1.00,4.00,2.33,3.67,3.33,1.67,3.00,2.67,2.00,2.00,1.67,1.33,3.33,2.67,2.00,3.33,1.33,3.67,2.33,1.67,3.67,1.67
1,-6.00,1.20,3.00,2.00,5.00,2.00,3.00,4.00,2.40,3.60,2.00,1.00,5.00,4.00,3.00,1.00,3.00,4.80,4.00,2.60,2.00,4.00,3.00,2.00,3.80,2.20,5.00,4.00,3.40,1.00
1,-10.00,6.00,5.00,3.33,3.33,4.33,1.00,6.67,2.00,8.00,5.33,6.67,4.33,2.67,7.00,7.67,3.00,4.00,6.17,2.83,3.83,4.67,9.00,7.33,6.33,3.67,2.33,5.67,7.17,5.67
1,-6.67,2.00,3.33,4.44,4.44,1.44,3.67,2.22,2.33,4.33,3.44,2.22,3.11,4.22,5.67,4.22,1.00,4.67,2.89,3.44,3.78,3.22,3.00,2.44,5.44,1.22,2.44,5.22,3.22,3.56
1,-10.00,4.00,5.00,3.33,3.33,4.00,9.00,6.67,8.00,2.00,4.67,6.67,2.33,5.67,3.00,5.67,7.00,6.00,4.67,3.00,5.33,5.33,1.00,4.33,3.67,6.33,4.33,6.00,7.00,7.67
1,-6.00,3.00,3.00,4.00,4.00,4.00,3.00,2.00,3.00,3.00,4.00,2.00,2.50,2.00,3.00,2.00,3.00,3.00,5.00,1.00,1.00,2.00,3.00,4.00,1.00,5.00,4.00,2.00,5.00,3.50
1,-7.50,1.50,3.75,5.00,5.00,4.00,4.00,2.50,3.00,4.50,5.50,2.50,6.50,4.00,3.00,4.00,4.50,6.00,5.50,1.75,2.00,2.00,3.50,3.50,2.00,5.50,3.50,3.50,5.75,1.00
1,-4.74,2.21,2.37,2.63,3.42,3.26,3.00,2.11,1.26,3.47,2.32,1.32,2.47,2.74,3.63,3.53,1.11,2.53,3.37,3.11,1.37,2.42,1.74,2.00,3.74,1.00,1.21,1.47,1.63,2.26
1,-4.74,2.53,2.37,2.63,1.05,2.00,1.74,2.11,3.47,1.26,1.37,3.68,1.21,2.26,1.11,2.26,3.63,2.21,2.42,3.74,2.32,3.37,3.00,2.47,2.32,2.42,2.47,2.74,1.00,3.53
2,-15.00,9.00,7.50,10.00,10.00,4.00,9.00,5.00,3.00,12.00,13.00,5.00,4.00,14.00,3.00,6.50,12.00,6.00,8.00,5.50,7.00,2.00,6.00,1.00,7.00,8.00,8.50,11.00,9.50,11.00
1,-10.00,4.00,5.00,6.67,1.67,5.67,9.00,3.33,8.00,2.00,4.67,8.33,5.67,7.33,3.00,2.33,7.00,6.00,1.33,7.17,8.67,5.33,1.00,2.67,3.67,6.33,7.67,4.33,2.83,4.33
1,-15.00,10.50,7.50,10.00,10.00,13.00,3.00,5.00,6.00,9.00,8.50,5.00,5.50,8.00,6.00,8.00,9.00,4.50,11.00,1.00,4.00,6.50,12.00,7.00,11.50,3.50,7.00,2.00,14.00,9.50
1,-3.00,2.00,1.50,1.00,1.00,1.00,1.00,2.00,2.00,1.00,2.00,2.00,1.00,1.00,2.00,2.00,1.00,1.00,2.00,1.00,1.00,1.00,2.00,2.00,1.00,2.00,1.00,2.00,2.00,2.00
1,-4.29,3.14,2.14,2.38,3.10,1.24,1.00,1.90,2.00,2.29,1.52,1.19,2.67,2.19,1.29,2.90,3.00,1.14,2.48,1.52,1.81,2.76,3.29,2.10,1.10,3.19,1.38,3.05,2.76,1.62
1,-6.00,4.80,3.00,4.00,1.00,4.80,4.80,2.00,3.60,2.40,3.60,5.00,3.80,4.80,3.60,3.80,2.40,1.20,3.60,3.60,2.40,2.40,1.20,1.20,2.40,3.60,2.20,1.20,2.40,2.20
1,-10.00,4.00,5.00,3.33,3.33,3.33,9.00,6.67,8.00,2.00,3.33,6.67,3.33,6.67,3.00,6.67,7.00,6.00,6.67,4.33,3.33,6.67,1.00,3.33,3.33,6.67,3.33,6.67,5.67,6.67
7,-15.00,3.00,7.50,10.00,10.00,13.00,3.00,5.00,6.00,9.00,8.50,5.00,13.00,8.00,6.00,8.00,9.00,12.00,11.00,1.00,4.00,6.50,12.00,7.00,4.00,11.00,7.00,2.00,14.00,2.00
1,-5.00,1.00,2.50,3.33,3.33,1.00,1.00,1.67,2.00,3.00,2.00,1.67,1.00,1.00,2.00,1.00,3.00,4.00,2.00,2.00,3.00,3.00,4.00,4.00,3.00,2.00,4.00,4.00,3.00,4.00
1,-6.67,2.67,3.33,2.22,3.89,1.56,1.00,4.44,2.00,4.67,4.22,2.78,3.22,3.78,3.67,5.44,3.00,4.00,3.11,2.56,3.56,2.44,5.67,2.89,5.22,1.44,1.22,5.11,4.11,3.44
1,-10.00,6.00,5.00,6.67,5.00,2.67,1.00,3.33,2.00,8.00,8.67,5.00,7.67,6.00,7.00,4.33,3.00,4.00,5.33,3.67,4.67,1.33,9.00,4.00,3.00,7.00,5.67,7.33,6.33,2.33
1,-4.29,3.00,2.14,1.43,1.43,2.29,3.00,2.86,1.71,2.57,1.00,2.86,2.29,2.64,2.79,1.57,1.50,1.29,2.43,1.00,1.86,3.29,1.29,1.64,2.93,1.36,2.71,2.00,3.29,2.00
1,-5.00,2.56,2.50,1.88,1.56,2.25,1.62,3.12,3.25,1.75,2.00,3.44,3.50,3.50,2.00,1.00,3.00,2.44,2.00,3.88,3.00,3.00,3.38,1.50,1.75,3.25,4.00,2.75,1.12,1.50
1,-6.43,3.43,3.21,2.86,1.79,2.00,2.36,3.57,4.71,1.71,5.43,4.64,5.21,2.71,3.64,3.79,2.79,3.00,4.00,2.21,2.43,1.00,4.07,3.71,3.50,2.93,2.64,4.43,4.21,1.21
1,-6.00,3.60,3.00,2.00,5.00,4.10,3.60,4.00,1.20,4.80,3.20,1.00,2.60,1.60,4.20,4.60,1.80,2.40,2.20,3.20,3.80,2.80,2.40,4.40,3.80,2.20,1.40,1.90,2.80,3.40
1,-5.00,4.00,2.50,1.67,2.50,2.33,1.50,3.33,3.00,2.00,1.33,2.50,1.50,3.17,3.00,3.17,2.00,1.00,2.17,2.17,2.83,3.67,3.50,1.83,1.58,3.42,1.83,2.67,2.83,3.50
1,-6.00,4.80,3.00,2.00,5.00,4.80,2.80,4.00,3.60,2.40,3.60,1.00,4.80,3.80,3.60,4.80,2.40,1.20,3.60,3.60,2.40,2.40,3.20,2.20,2.40,3.60,1.20,1.20,2.40,1.20
1,-6.00,3.80,3.00,4.00,1.00,2.80,3.80,2.00,1.60,4.40,1.60,5.00,2.80,2.80,1.60,3.80,4.40,2.20,1.60,1.60,4.40,4.40,2.20,3.20,4.40,1.60,2.20,3.20,4.40,3.20
1,-10.00,3.00,5.00,6.67,5.00,8.00,3.00,3.33,6.00,4.00,6.00,5.00,3.00,6.33,3.50,3.00,6.50,7.00,6.00,1.00,4.00,4.00,7.00,3.67,4.00,6.00,7.00,2.00,9.00,7.00
1,-6.00,2.23,3.00,2.00,5.00,3.37,2.66,4.00,4.46,1.54,3.89,1.00,2.94,1.94,4.89,3.23,1.11,3.77,4.17,4.31,1.83,2.11,3.34,4.06,2.26,3.74,2.77,2.63,1.69,3.06
1,-15.00,3.00,7.50,5.00,5.00,8.00,10.50,10.00,6.00,9.00,11.00,10.00,8.00,13.00,6.00,5.50,9.00,12.00,1.00,11.00,14.00,4.00,4.50,2.00,6.50,8.50,9.50,7.00,4.00,7.00
1,-4.29,1.29,2.14,2.86,2.86,2.00,1.29,1.43,2.57,1.71,3.29,1.43,2.00,2.00,1.86,2.00,2.43,3.00,3.29,1.14,1.00,1.00,3.00,2.29,1.00,3.29,2.29,2.29,3.14,2.29
1,-5.00,1.00,2.50,3.33,1.67,2.67,3.50,1.67,2.00,3.00,3.67,3.33,1.83,1.83,2.00,1.83,3.00,4.00,2.83,1.17,2.17,1.33,1.50,3.17,2.17,2.83,3.17,2.33,3.83,3.17
1,-5.00,4.00,2.50,1.67,1.67,4.00,2.33,3.33,3.00,2.00,3.00,3.33,1.50,2.33,3.00,2.33,2.00,1.00,3.00,1.33,2.00,2.00,2.67,2.67,3.67,1.33,2.67,1.00,3.67,3.50
1,-10.00,6.00,5.00,5.00,5.00,6.00,1.00,5.00,2.00,8.00,2.00,5.00,6.00,6.00,7.00,1.00,3.00,4.00,2.00,7.00,8.00,8.00,9.00,4.00,3.00,7.00,9.00,4.00,3.00,4.00
1,-5.62,1.50,2.81,3.12,3.12,2.75,1.50,2.50,3.00,2.62,4.25,2.50,4.62,2.12,3.00,4.00,2.62,4.12,3.62,1.44,2.00,1.37,4.12,3.50,2.00,3.62,1.62,2.87,4.19,1.00
1,-6.92,1.85,3.46,3.08,1.92,4.92,3.00,3.85,3.69,3.23,4.46,5.00,3.77,5.69,2.54,2.23,4.38,5.08,2.92,1.00,4.00,2.46,3.92,1.23,2.85,4.08,4.69,2.00,5.92,3.15
1,-6.00,4.80,3.00,2.00,5.00,3.80,1.80,4.00,3.60,2.40,2.60,1.00,3.80,2.80,3.60,4.30,2.40,1.20,1.60,2.60,4.40,3.40,4.20,3.20,1.40,4.60,1.70,2.20,3.40,2.20
1,-7.50,3.00,3.75,2.50,6.25,5.50,3.00,5.00,6.00,1.50,1.00,1.25,1.75,3.00,2.25,4.25,5.25,4.50,3.50,4.75,4.00,6.50,4.50,4.50,1.50,6.00,3.25,2.00,2.75,5.75
1,-10.00,7.00,5.00,5.00,5.00,2.00,7.00,5.00,4.00,6.00,4.00,5.00,7.00,2.00,4.00,7.00,6.00,3.00,4.00,9.00,6.00,6.00,3.00,8.00,6.00,4.00,3.00,8.00,1.00,3.00
1,-6.00,4.80,3.00,2.00,5.00,2.00,3.00,4.00,3.60,2.40,2.00,1.00,5.00,4.00,3.00,1.00,3.00,1.20,4.00,5.00,2.00,4.00,3.00,2.00,3.80,2.20,5.00,4.00,1.00,1.00
1,-6.00,3.60,3.00,2.00,5.00,2.60,3.60,4.00,1.20,4.80,3.20,1.00,2.60,1.60,4.20,1.60,1.80,2.40,2.20,3.20,3.80,2.80,2.40,4.40,3.80,2.20,4.40,3.40,2.80,3.40
1,-10.00,2.00,5.00,3.33,3.89,4.22,7.00,6.67,4.00,6.00,2.89,6.11,3.67,6.44,9.00,4.78,1.00,8.00,5.11,3.44,4.89,7.11,3.00,3.56,3.22,6.78,5.22,5.78,6.56,6.33
1,-5.00,2.33,2.50,2.50,3.33,2.33,4.00,2.50,3.00,2.00,3.00,1.67,1.50,4.00,1.33,1.50,3.67,2.67,3.00,1.33,2.00,2.00,1.00,1.00,2.00,3.00,3.50,2.67,3.67,3.50
3,-15.00,9.00,7.50,5.00,12.50,14.00,9.00,10.00,3.00,12.00,8.00,2.50,6.50,4.00,10.50,11.50,4.50,6.00,13.00,8.00,2.00,7.00,6.00,11.00,9.50,5.50,3.50,1.00,7.00,8.50
1,-10.00,3.00,5.00,5.00,5.00,3.00,3.00,5.00,6.00,4.00,6.00,5.00,8.00,8.00,6.00,8.00,4.00,7.00,6.00,6.00,4.00,4.00,7.00,2.00,9.00,1.00,2.00,7.00,4.00,2.00
1,-6.00,3.00,3.00,2.00,2.00,2.00,3.00,4.00,3.00,3.00,2.00,4.00,2.00,4.00,3.00,1.00,3.00,3.00,4.00,2.00,2.00,4.00,3.00,2.00,2.00,4.00,5.00,4.00,4.00,4.00
1,-4.29,3.00,2.14,1.79,2.86,1.57,3.00,2.50,1.71,2.57,1.36,1.43,1.57,2.29,2.79,1.21,1.50,1.29,3.14,1.36,1.14,2.93,1.29,2.00,3.29,1.00,3.07,2.71,2.93,2.71
1,-5.00,2.25,2.50,2.50,1.25,1.00,1.00,2.50,2.00,3.00,2.00,3.75,3.50,3.50,2.00,1.00,3.00,2.75,2.00,2.00,3.00,3.00,4.00,1.50,1.75,3.25,4.00,4.00,3.00,1.50
1,-9.37,3.00,4.69,3.12,5.00,6.12,3.00,6.25,6.00,3.37,5.37,4.37,3.31,7.37,3.19,2.69,6.19,6.37,5.69,6.31,3.69,4.00,6.37,2.00,8.37,1.00,6.69,3.25,3.06,6.06
1,-4.00,2.00,2.00,1.33,2.33,1.33,3.00,2.67,2.00,2.00,1.33,1.67,2.33,2.67,1.00,1.67,3.00,2.00,2.67,1.33,1.33,2.67,1.00,1.33,1.33,2.67,2.33,2.67,2.67,1.67
2,-15.00,12.00,7.50,5.00,12.50,2.00,4.50,10.00,9.00,6.00,14.00,2.50,9.50,7.00,1.50,7.00,13.50,3.00,4.00,6.50,11.00,1.00,10.50,8.00,3.50,11.50,8.00,13.00,8.50,5.50
1,-7.50,4.50,3.75,2.50,6.25,3.25,4.50,5.00,5.25,2.25,4.00,1.25,3.25,2.00,1.50,2.00,6.00,3.00,2.75,4.00,4.75,3.50,3.00,5.50,1.00,6.50,5.50,4.25,3.50,4.25
1,-3.00,2.00,1.50,2.00,2.00,1.00,1.00,1.00,2.00,1.00,1.00,1.00,2.00,1.00,1.00,2.00,2.00,1.00,1.00,1.00,2.00,2.00,2.00,2.00,2.00,1.00,1.00,2.00,2.00,1.00
1,-10.00,2.00,5.00,3.33,3.33,3.33,7.00,6.67,4.00,6.00,3.33,6.67,3.33,6.67,9.00,6.67,1.00,8.00,6.67,3.33,3.33,6.67,3.00,3.33,3.33,6.67,3.33,6.67,6.67,6.67
1,-10.00,4.00,5.00,6.67,5.00,4.00,9.00,3.33,8.00,2.00,8.00,5.00,5.67,4.00,3.00,9.00,7.00,6.00,8.00,3.00,2.00,2.00,1.00,6.00,7.00,3.00,1.00,6.00,7.00,4.33
1,-10.00,2.00,5.00,6.67,5.00,6.44,7.00,3.33,4.00,6.00,4.00,5.00,7.00,3.11,9.00,3.67,1.00,8.00,4.00,6.78,6.00,6.00,3.00,6.89,6.56,3.44,6.33,3.56,3.22,3.00
1,-5.00,2.00,2.50,3.33,2.08,2.83,2.00,1.67,4.00,1.00,2.33,2.92,1.58,3.67,4.00,3.67,1.00,3.00,3.17,2.33,1.83,2.67,3.00,1.33,1.83,3.17,1.33,2.17,2.67,3.42
1,-7.50,3.00,3.75,2.50,6.25,5.50,3.00,5.00,2.25,5.25,4.75,1.25,5.50,4.25,6.00,4.25,1.50,4.50,3.50,1.00,4.00,2.75,4.50,3.25,4.00,3.50,3.25,2.00,6.50,2.00
1,-10.00,8.00,5.00,3.33,8.33,1.33,3.00,6.67,6.00,4.00,6.00,1.67,6.33,4.67,1.00,3.00,9.00,2.00,2.67,4.33,7.33,4.00,7.00,5.33,2.33,7.67,7.00,8.67,5.67,3.67
2,-6.00,3.60,3.00,2.00,3.80,2.00,3.00,4.00,1.20,4.80,2.00,2.20,5.00,4.00,3.00,1.00,3.00,2.40,4.00,5.00,2.00,4.00,3.00,2.00,5.00,1.00,5.00,4.00,1.00,1.00
1,-3.00,1.00,1.50,1.00,1.00,2.00,1.00,2.00,2.00,1.00,2.00,2.00,1.00,1.00,1.00,1.00,2.00,2.00,1.00,1.00,2.00,1.00,2.00,2.00,2.00,1.00,2.00,1.00,2.00,2.00
1,-15.00,3.00,7.50,10.00,10.00,13.00,3.00,5.00,6.00,9.00,8.50,5.00,5.50,8.00,6.00,8.00,9.00,12.00,11.00,1.00,4.00,6.50,12.00,7.00,4.00,11.00,7.00,2.00,14.00,9.50
1,-5.00,2.67,2.50,3.33,3.33,1.00,2.67,1.67,2.00,3.00,2.00,1.67,2.67,1.00,3.67,2.67,1.33,2.33,2.00,3.67,3.00,3.00,2.33,4.00,1.33,3.67,2.33,4.00,1.33,2.33
1,-10.00,8.00,5.00,6.67,5.00,4.67,3.00,3.33,6.00,4.00,6.00,5.00,3.00,8.00,1.00,3.00,9.00,2.00,6.00,7.67,4.00,4.00,7.00,2.00,5.67,4.33,7.00,5.33,2.33,7.00
16,-30.00,18.00,15.00,10.00,25.00,28.00,3.00,20.00,6.00,24.00,16.00,5.00,13.00,8.00,21.00,23.00,9.00,12.00,26.00,1.00,4.00,14.00,27.00,22.00,19.00,11.00,7.00,2.00,29.00,17.00
2,-6.00,1.20,3.00,2.00,5.00,2.00,3.00,4.00,2.40,3.60,2.00,1.00,5.00,4.00,3.00,1.00,3.00,4.80,4.00,5.00,2.00,4.00,3.00,2.00,3.80,2.20,5.00,4.00,1.00,1.00
6,-15.00,3.00,7.50,10.00,2.50,13.00,10.50,5.00,6.00,9.00,1.00,12.50,5.50,8.00,13.50,8.00,1.50,12.00,11.00,8.50,4.00,14.00,4.50,7.00,11.50,3.50,7.00,2.00,6.50,9.50
1,-6.00,3.00,3.00,4.00,4.00,1.00,3.00,2.00,3.00,3.00,4.00,2.00,4.00,5.00,3.00,5.00,3.00,3.00,2.00,4.00,4.00,2.00,3.00,1.00,4.00,2.00,1.00,5.00,2.00,2.00
1,-10.00,4.00,5.00,6.67,5.00,4.00,9.00,3.33,8.00,2.00,8.00,5.00,9.00,4.00,3.00,5.67,7.00,6.00,8.00,3.00,2.00,2.00,1.00,6.00,7.00,3.00,4.33,6.00,7.00,1.00
1,-6.00,3.00,3.00,2.00,5.00,2.00,1.50,4.00,3.00,3.00,2.00,1.00,2.00,1.00,3.00,4.00,3.00,3.00,4.00,2.00,2.00,4.00,4.50,5.00,3.50,2.50,2.00,4.00,4.00,4.00
1,-5.00,2.33,2.50,3.33,3.33,4.00,3.17,1.67,3.00,2.00,3.00,1.67,1.50,4.00,3.00,4.00,2.00,2.67,3.00,3.00,2.00,2.00,1.83,1.00,2.00,3.00,1.00,1.00,2.00,3.50
1,-6.00,4.00,3.00,2.00,3.00,4.00,3.00,4.00,4.00,2.00,4.00,3.00,5.00,2.00,1.00,2.00,5.00,2.00,4.00,3.00,2.00,2.00,3.00,4.00,3.00,3.00,4.00,2.00,3.00,1.00
2,-5.00,3.00,2.50,3.33,3.33,3.00,3.00,1.67,1.00,4.00,1.00,1.67,3.00,3.00,1.00,3.00,4.00,2.00,1.00,1.00,4.00,4.00,2.00,2.00,4.00,1.00,2.00,2.00,4.00,2.00
1,-5.00,4.00,2.50,2.67,1.17,2.67,1.50,2.33,3.00,2.00,2.67,3.83,1.17,2.33,1.50,3.83,3.50,1.00,2.33,1.17,2.67,2.33,3.50,2.67,1.17,3.83,1.17,2.33,3.83,3.83
1,-6.00,2.40,3.00,2.00,5.00,2.40,2.40,4.00,4.80,1.20,2.80,1.00,2.40,2.40,3.80,2.40,2.20,3.60,4.80,4.80,1.20,3.20,3.60,3.60,1.20,4.80,3.60,3.60,1.20,3.60
1,-7.50,1.50,3.75,2.50,2.50,4.00,5.25,5.00,3.00,4.50,5.50,5.00,4.00,6.50,3.00,2.75,4.50,6.00,4.25,5.50,3.25,2.00,2.25,1.00,3.25,4.25,4.75,3.50,2.00,3.50
1,-4.50,3.00,2.25,1.50,1.50,3.00,1.50,3.00,3.00,1.50,2.50,3.00,3.00,3.50,2.50,3.00,2.00,1.50,2.00,3.00,2.50,2.00,3.00,1.00,3.00,1.50,1.50,1.50,1.50,1.50
1,-10.00,4.00,5.00,5.00,5.00,4.00,9.00,5.00,8.00,2.00,3.00,5.00,4.00,4.00,3.00,4.00,7.00,6.00,8.00,3.00,2.00,7.00,1.00,6.00,2.00,8.00,6.00,6.00,7.00,6.00
1,-10.00,4.00,5.00,6.25,6.25,6.50,9.00,3.75,8.00,2.00,6.75,3.75,6.50,4.00,3.00,4.00,7.00,6.00,3.00,6.75,7.00,3.25,1.00,6.00,7.00,3.00,6.00,3.50,3.25,3.50
1,-3.00,1.00,1.50,1.00,1.00,2.00,2.00,2.00,1.00,2.00,1.00,2.00,1.00,2.00,1.00,2.00,2.00,2.00,1.00,2.00,2.00,2.00,1.00,1.00,2.00,1.00,1.00,1.00,1.00,2.00
1,-6.00,2.00,3.00,2.00,5.00,2.00,3.00,4.00,4.00,2.00,2.00,1.00,3.00,2.00,3.00,1.00,3.00,4.00,4.00,3.00,2.00,4.00,3.00,4.00,4.00,2.00,5.00,4.00,3.00,3.00
1,-6.00,4.80,3.00,4.00,1.00,2.80,3.30,2.00,3.60,2.40,4.60,5.00,1.30,2.30,3.60,3.80,2.40,1.20,2.60,1.60,3.40,1.40,2.70,3.70,3.40,2.60,2.20,3.20,4.40,4.70
1,-6.00,2.40,3.00,4.00,1.00,3.40,2.40,2.00,4.80,1.20,2.80,5.00,1.90,1.40,3.30,4.40,2.70,3.60,2.30,1.30,3.70,3.20,3.60,4.60,2.20,3.80,1.60,2.60,4.70,4.10
2,-6.00,3.60,3.00,4.00,1.00,4.00,3.00,2.00,1.20,4.80,4.00,5.00,1.00,2.00,3.00,5.00,3.00,2.40,2.00,1.00,4.00,2.00,3.00,4.00,1.00,5.00,1.00,2.00,5.00,5.00
1,-5.00,2.00,2.50,3.33,3.33,2.00,2.00,1.67,4.00,1.00,4.00,1.67,2.00,2.00,2.33,2.00,2.67,3.00,4.00,4.00,1.00,1.00,3.00,3.00,2.67,2.33,3.00,3.00,1.00,3.00
1,-5.00,2.67,2.50,1.67,3.33,1.00,1.00,3.33,2.00,3.00,3.67,1.67,2.67,2.67,3.67,2.67,1.33,2.33,2.00,2.00,3.00,1.33,4.00,2.33,1.33,3.67,2.33,4.00,3.00,2.33
1,-6.00,2.40,3.00,2.00,5.00,4.40,3.00,4.00,3.60,2.40,2.00,1.00,1.40,4.00,1.80,3.40,4.20,3.60,2.80,2.60,3.20,4.00,3.00,2.00,5.00,1.00,2.60,1.60,3.40,4.60
1,-6.00,1.20,3.00,2.00,5.00,2.00,3.00,4.00,2.40,3.60,2.00,1.00,5.00,4.00,3.00,1.00,3.00,4.80,4.00,3.80,2.00,4.00,3.00,2.00,5.00,1.00,5.00,4.00,2.20,1.00
1,-5.00,2.00,2.50,2.50,3.75,2.00,2.00,2.50,4.00,1.00,1.50,1.25,2.00,2.00,2.75,2.00,2.25,3.00,4.00,4.00,1.00,3.50,3.00,3.00,3.50,1.50,3.00,3.00,1.00,3.00
1,-5.00,1.00,2.50,2.50,2.50,1.00,1.00,2.50,2.00,3.00,2.00,2.50,3.50,1.00,2.00,3.50,3.00,4.00,2.00,2.00,3.00,3.00,4.00,4.00,3.00,2.00,1.50,4.00,3.00,1.50
1,-5.00,1.00,2.50,3.33,3.33,1.83,1.00,1.67,2.00,3.00,2.83,1.67,3.08,2.67,2.00,2.67,3.00,4.00,1.17,2.83,3.83,2.17,4.00,2.33,3.83,1.17,2.33,3.17,2.17,1.92
1,-5.00,3.00,2.50,3.33,3.33,3.00,2.17,1.67,1.83,3.17,1.00,1.67,1.75,3.00,2.67,1.33,2.33,2.00,3.50,3.50,1.50,4.00,2.83,2.00,1.50,3.50,3.67,2.00,1.50,3.25
1,-10.00,4.00,5.00,3.33,7.08,7.33,9.00,6.67,8.00,2.00,6.33,2.92,2.33,3.17,3.00,5.67,7.00,6.00,4.67,6.33,5.33,3.67,1.00,6.83,6.58,3.42,4.33,2.67,3.67,7.67
1,-5.00,3.50,2.50,2.50,1.25,2.25,1.00,2.50,2.00,3.00,2.00,3.75,1.00,1.00,2.00,3.50,3.00,1.50,2.00,2.00,3.00,3.00,4.00,4.00,3.00,2.00,1.50,2.75,3.00,4.00
1,-5.00,2.00,2.50,1.67,3.33,2.00,3.67,3.33,3.17,1.83,4.00,1.67,2.00,2.00,2.33,3.67,2.67,3.00,4.00,1.50,1.00,1.00,1.33,3.00,2.67,2.33,1.33,3.00,3.50,3.00
1,-5.22,1.83,2.61,1.74,2.39,2.26,3.78,3.48,3.65,1.57,4.09,2.83,4.22,2.70,3.00,2.04,2.22,3.39,3.22,2.13,2.00,1.13,1.43,2.52,3.96,1.26,3.17,2.96,3.09,1.00
1,-10.00,4.00,5.00,5.00,5.00,4.00,4.00,5.00,8.00,2.00,8.00,5.00,9.00,4.00,3.00,4.00,7.00,6.00,8.00,3.00,2.00,2.00,6.00,6.00,7.00,3.00,6.00,6.00,7.00,1.00
1,-6.00,4.00,3.00,4.00,1.00,4.00,3.00,2.00,4.00,2.00,4.00,5.00,1.00,2.00,3.00,5.00,3.00,2.00,2.00,3.00,4.00,2.00,3.00,4.00,1.00,5.00,1.00,2.00,3.00,5.00
11,-30.00,24.00,15.00,10.00,25.00,4.00,9.00,20.00,18.00,12.00,28.00,5.00,19.00,14.00,3.00,29.00,27.00,6.00,8.00,13.00,22.00,2.00,21.00,16.00,7.00,23.00,1.00,26.00,17.00,11.00
1,-10.00,6.00,5.00,6.67,5.00,6.00,7.67,3.33,5.33,4.67,2.00,5.00,4.33,6.00,7.00,1.00,3.00,4.00,2.00,7.00,8.00,8.00,2.33,4.00,3.00,7.00,9.00,4.00,3.00,5.67
1,-10.00,8.00,5.00,6.67,1.67,4.67,3.00,3.33,6.00,4.00,2.67,8.33,3.67,5.33,1.00,6.33,9.00,2.00,7.33,7.67,2.67,7.33,7.00,4.67,5.67,4.33,3.67,5.33,2.33,6.33
1,-6.67,2.33,3.33,2.22,2.22,2.89,5.67,4.44,4.67,2.00,3.56,4.44,4.56,5.11,3.00,5.11,3.67,4.33,4.11,3.56,2.56,3.11,1.00,1.56,2.56,4.11,1.56,3.78,3.11,2.11
1,-6.00,2.40,3.00,2.00,5.00,2.40,2.40,4.00,4.80,1.20,2.80,1.00,3.40,2.40,3.80,2.40,2.20,3.60,4.80,4.80,1.20,3.20,3.60,3.60,4.20,1.80,3.60,3.60,1.20,2.60
1,-5.00,4.00,2.50,2.50,3.75,1.50,1.50,2.50,3.00,2.00,3.00,1.25,2.75,1.50,3.00,1.50,2.00,1.00,3.00,1.75,2.00,2.00,3.50,3.50,3.25,1.75,3.50,3.50,3.25,2.25
6,-15.00,6.00,7.50,10.00,10.00,1.00,6.00,5.00,12.00,3.00,7.00,5.00,8.50,11.00,12.00,11.00,3.00,9.00,2.00,7.00,13.00,8.00,9.00,4.00,13.00,2.00,4.00,14.00,8.00,6.50
1,-7.50,6.00,3.75,5.00,5.00,3.50,6.00,2.50,4.50,3.00,2.00,2.50,3.50,1.00,4.50,4.75,3.00,1.50,3.25,5.75,4.25,5.50,1.50,6.50,4.25,3.25,2.75,4.00,1.75,4.00
1,-10.00,8.00,5.00,6.67,6.67,4.67,3.00,3.33,6.00,4.00,5.17,3.33,7.17,3.83,1.00,6.33,9.00,2.00,4.33,7.67,5.67,4.83,7.00,6.17,5.67,4.33,3.67,5.33,2.33,2.83
1,-6.00,2.40,3.00,4.00,1.00,4.40,3.90,2.00,4.80,1.20,3.80,5.00,2.40,3.40,3.30,4.90,2.70,3.60,2.80,2.30,3.20,2.20,2.10,2.60,1.70,4.30,1.10,1.60,3.70,3.60
2,-10.00,4.00,5.00,3.33,8.33,7.33,9.00,6.67,8.00,2.00,1.33,1.67,2.33,5.67,3.00,5.67,7.00,6.00,4.67,6.33,5.33,8.67,1.00,4.33,5.33,4.67,4.33,2.67,3.67,7.67
2,-7.50,4.50,3.75,5.00,5.00,2.00,4.50,2.50,1.50,6.00,6.50,2.50,2.00,3.25,1.50,3.25,6.00,3.00,4.00,6.50,3.50,1.00,3.00,4.25,3.50,4.00,4.25,5.50,1.00,5.50
5,-15.00,6.00,7.50,5.00,12.50,11.00,13.50,10.00,12.00,3.00,2.00,2.50,3.50,1.00,4.50,8.50,10.50,9.00,7.00,9.50,8.00,13.00,1.50,14.00,8.00,7.00,6.50,4.00,5.50,11.50
1,-10.00,6.00,5.00,6.67,5.00,6.00,6.00,3.33,2.00,8.00,2.00,5.00,2.67,6.00,7.00,1.00,3.00,4.00,5.33,7.00,4.67,8.00,4.00,4.00,3.00,7.00,9.00,4.00,3.00,7.33
3,-15.00,9.00,7.50,5.00,5.00,6.50,9.00,10.00,3.00,12.00,8.00,10.00,14.00,4.00,3.00,4.00,12.00,6.00,13.00,8.00,2.00,7.00,6.00,11.00,2.00,13.00,11.00,8.50,7.00,1.00
1,-6.00,3.60,3.00,4.00,1.00,4.00,3.00,2.00,1.20,4.80,4.00,5.00,3.40,3.20,3.00,3.80,3.00,2.40,2.00,1.00,4.00,2.00,3.00,2.80,4.60,1.40,2.20,2.00,5.00,2.60
1,-6.00,3.60,3.00,2.00,2.60,2.00,3.00,4.00,1.20,4.80,2.00,3.40,5.00,4.00,3.00,1.00,3.00,2.40,4.00,3.80,2.00,4.00,3.00,2.00,2.00,4.00,5.00,4.00,2.20,1.00
1,-10.00,8.00,5.00,3.33,8.33,1.33,3.00,6.67,6.00,4.00,4.33,1.67,6.33,4.67,1.00,7.17,9.00,2.00,2.67,4.33,7.33,5.67,7.00,5.33,2.33,7.67,2.83,8.67,5.67,3.67
1,-3.00,1.00,1.50,1.00,2.00,2.00,2.00,2.00,2.00,1.00,2.00,1.00,1.00,2.00,2.00,2.00,1.00,2.00,2.00,1.00,1.00,1.00,1.00,1.00,2.00,1.00,1.00,1.00,2.00,2.00
1,-5.71,1.14,2.86,2.86,4.29,1.86,2.57,2.86,2.29,3.43,2.29,1.43,4.71,4.00,3.00,1.86,2.71,4.57,3.71,4.43,2.00,3.43,3.14,1.71,4.14,1.57,3.86,3.86,1.29,1.00
1,-15.00,6.00,7.50,10.00,10.00,1.00,6.00,5.00,12.00,3.00,7.00,5.00,8.50,11.00,4.50,11.00,10.50,9.00,2.00,7.00,13.00,8.00,9.00,4.00,5.50,9.50,4.00,14.00,8.00,6.50
14,-15.00,9.00,7.50,5.00,5.00,14.00,9.00,10.00,3.00,12.00,8.00,10.00,14.00,4.00,3.00,4.00,12.00,6.00,13.00,8.00,2.00,7.00,6.00,11.00,2.00,13.00,11.00,1.00,7.00,1.00
13,-15.00,3.00,7.50,10.00,10.00,13.00,3.00,5.00,6.00,9.00,1.00,5.00,13.00,8.00,6.00,8.00,9.00,12.00,11.00,1.00,4.00,14.00,12.00,7.00,4.00,11.00,7.00,2.00,14.00,2.00
1,-10.00,2.00,5.00,3.33,3.33,5.33,7.00,6.67,4.00,6.00,2.33,6.67,5.33,6.17,9.00,6.17,1.00,8.00,5.67,2.33,4.33,7.67,3.00,3.83,4.33,5.67,3.83,4.67,7.67,4.67
1,-10.00,4.00,5.00,3.33,8.33,7.33,9.00,6.67,8.00,2.00,6.33,1.67,7.33,5.67,3.00,5.67,7.00,6.00,4.67,6.33,5.33,3.67,1.00,4.33,5.33,4.67,4.33,2.67,3.67,2.67
13,-15.00,9.00,7.50,10.00,10.00,4.00,9.00,5.00,3.00,12.00,13.00,5.00,4.00,14.00,3.00,14.00,12.00,6.00,8.00,13.00,7.00,2.00,6.00,1.00,7.00,8.00,1.00,11.00,2.00,11.00
1,-6.00,3.00,3.00,4.00,4.00,4.00,3.00,2.00,3.00,3.00,4.00,2.00,1.00,2.00,3.00,2.00,3.00,3.00,2.00,1.00,4.00,2.00,3.00,4.00,1.00,5.00,4.00,2.00,5.00,5.00
1,-10.00,2.00,5.00,4.44,2.78,3.11,7.00,5.56,4.00,6.00,5.11,7.22,4.78,7.56,9.00,5.89,1.00,8.00,6.22,3.44,3.78,4.89,3.00,2.44,5.44,4.56,4.11,6.89,6.56,5.22
23,-30.00,6.00,15.00,10.00,25.00,16.00,21.00,20.00,12.00,18.00,22.00,5.00,1.00,26.00,27.00,11.00,3.00,24.00,2.00,7.00,28.00,8.00,9.00,4.00,13.00,17.00,19.00,14.00,23.00,29.00
1,-5.00,3.50,2.50,2.71,3.33,1.83,1.00,2.29,2.00,3.00,1.58,1.67,3.08,1.42,2.00,3.29,3.00,1.50,3.67,1.58,1.33,3.42,4.00,3.58,2.58,2.42,1.71,3.17,3.42,1.92
1,-6.00,2.76,3.00,2.00,5.00,4.16,4.56,4.00,3.12,2.88,3.92,1.00,1.76,4.96,4.32,3.76,1.68,3.24,3.52,2.72,2.48,2.08,1.44,1.04,2.48,3.52,2.24,1.84,3.28,4.24
1,-10.00,4.00,5.00,3.33,8.33,7.33,9.00,6.67,8.00,2.00,4.67,1.67,2.33,7.33,3.00,5.67,7.00,6.00,4.67,6.33,5.33,5.33,1.00,2.67,3.67,6.33,4.33,2.67,3.67,7.67
1,-5.00,2.00,2.50,1.67,3.33,3.67,3.67,3.33,2.33,2.67,2.33,1.67,2.00,2.00,4.00,2.00,1.00,3.00,4.00,2.33,1.00,2.67,1.33,3.00,2.67,2.33,3.00,1.33,2.67,3.00
1,-3.00,1.00,1.50,2.00,2.00,2.00,2.00,1.00,1.00,2.00,1.00,1.00,2.00,2.00,2.00,2.00,1.00,2.00,1.00,2.00,2.00,2.00,1.00,1.00,1.00,2.00,1.00,1.00,1.00,1.00
1,-5.00,4.00,2.50,3.33,3.33,2.33,4.00,1.67,3.00,2.00,3.33,1.67,3.33,1.67,3.00,1.67,2.00,1.00,1.67,3.33,3.33,1.67,1.00,3.33,3.33,1.67,3.33,2.67,1.67,1.67
1,-7.50,3.00,3.75,5.00,1.25,4.25,3.00,2.50,6.00,1.50,3.50,6.25,4.25,5.50,2.25,5.50,5.25,4.50,1.00,3.50,6.50,4.00,4.50,2.00,2.75,4.75,2.00,3.25,4.00,3.25
1,-6.00,2.70,3.00,2.00,5.00,3.20,1.20,4.00,2.40,3.60,1.40,1.00,1.70,2.20,2.40,3.70,3.60,3.30,3.40,4.40,2.60,4.60,4.80,3.80,2.60,3.40,2.30,2.80,1.60,4.30
1,-6.00,1.53,3.00,2.00,5.00,3.53,1.25,4.00,2.51,3.49,2.33,1.00,1.62,1.71,2.24,2.53,3.76,4.47,3.24,2.05,2.76,3.67,4.75,4.29,3.58,2.42,3.47,2.47,3.95,4.38
1,-6.00,2.40,3.00,2.00,5.00,2.40,2.40,4.00,3.80,2.20,4.80,1.00,2.40,2.40,3.80,2.40,2.20,3.60,4.80,4.80,1.20,1.20,3.60,3.60,1.20,4.80,3.60,3.60,1.20,3.60
1,-6.00,2.00,3.00,4.00,3.00,4.00,3.00,2.00,4.00,2.00,4.00,3.00,1.00,2.00,3.00,5.00,3.00,4.00,2.00,1.00,4.00,2.00,3.00,4.00,1.00,5.00,1.00,2.00,5.00,5.00
1,-6.92,4.15,3.46,3.85,5.00,3.38,3.00,3.08,1.38,5.54,2.92,1.92,4.54,4.92,4.85,3.77,2.08,2.77,2.15,1.77,4.77,4.00,3.92,2.00,5.92,1.00,3.15,3.54,5.15,2.38
1,-15.00,4.50,7.50,10.00,10.00,7.00,12.00,5.00,9.00,6.00,4.00,5.00,7.00,2.00,9.00,9.50,6.00,10.50,6.50,4.00,8.50,11.00,3.00,13.00,1.00,14.00,5.50,8.00,11.00,8.00
1,-5.00,4.00,2.50,1.67,1.67,4.00,4.00,3.33,3.00,2.00,3.00,3.33,2.33,4.00,3.00,4.00,2.00,1.00,3.00,3.00,2.00,2.00,1.00,1.00,2.00,3.00,1.00,1.00,2.00,2.67
9,-10.00,6.00,5.00,6.67,5.00,6.00,1.00,3.33,2.00,8.00,2.00,5.00,1.00,6.00,7.00,1.00,3.00,4.00,2.00,7.00,8.00,8.00,9.00,4.00,3.00,7.00,9.00,4.00,3.00,9.00
1,-5.00,1.00,2.50,3.33,3.33,1.83,3.50,1.67,2.00,3.00,2.83,1.67,1.83,2.67,2.00,2.67,3.00,4.00,1.17,2.83,3.83,2.17,1.50,2.33,3.83,1.17,2.33,3.17,2.17,3.17
2,-10.00,8.00,5.00,6.67,1.67,4.67,3.00,3.33,6.00,4.00,2.67,8.33,4.67,6.33,1.00,6.33,9.00,2.00,4.33,2.67,5.67,7.33,7.00,3.67,5.67,4.33,3.67,5.33,7.33,5.33
1,-7.50,4.13,3.75,2.50,2.50,4.75,6.00,5.00,4.50,3.00,5.13,5.00,1.00,3.50,4.50,3.50,3.00,3.38,2.00,5.13,5.50,2.38,1.50,4.00,5.50,2.00,4.00,2.75,2.38,6.50
1,-7.50,6.00,3.75,5.00,5.00,3.50,6.00,2.50,4.50,3.00,2.00,2.50,3.50,4.75,4.50,1.00,3.00,1.50,3.25,5.75,4.25,5.50,1.50,2.75,4.25,3.25,6.50,4.00,1.75,4.00
1,-5.00,4.00,2.50,2.50,2.50,1.50,1.50,2.50,3.00,2.00,3.00,2.50,1.50,1.50,3.00,1.50,2.00,1.00,3.00,1.75,2.00,2.00,3.50,3.50,3.25,1.75,3.50,3.50,3.25,3.50
1,-6.00,3.60,3.00,2.00,5.00,2.00,3.00,4.00,1.20,4.80,2.00,1.00,5.00,4.00,3.00,1.00,3.00,2.40,4.00,5.00,2.00,4.00,3.00,2.00,5.00,1.00,5.00,4.00,1.00,1.00
1,-10.00,4.00,5.00,5.00,5.00,4.00,4.00,5.00,3.00,7.00,3.00,5.00,9.00,4.00,3.00,4.00,7.00,6.00,8.00,8.00,2.00,7.00,6.00,6.00,2.00,8.00,6.00,6.00,2.00,1.00
1,-5.45,1.09,2.73,1.82,3.18,2.91,2.45,3.64,2.18,3.27,1.27,2.27,4.27,2.00,3.55,3.36,1.91,4.36,3.09,2.64,2.36,4.18,3.00,3.45,1.00,4.45,2.09,2.55,2.82,1.18
1,-7.50,6.00,3.75,5.00,2.50,3.50,3.50,2.50,4.50,3.00,2.00,5.00,1.00,3.50,4.50,3.50,3.00,1.50,2.00,4.50,5.50,5.50,4.00,4.00,5.50,2.00,4.00,4.00,3.00,6.50
12,-30.00,12.00,15.00,10.00,25.00,22.00,27.00,20.00,24.00,6.00,4.00,5.00,7.00,2.00,9.00,17.00,21.00,18.00,14.00,19.00,16.00,26.00,3.00,28.00,1.00,29.00,13.00,8.00,11.00,23.00
1,-8.57,3.43,4.29,5.71,5.71,4.86,5.57,2.86,6.86,1.71,4.00,2.86,2.71,2.00,4.71,4.14,3.86,5.14,5.43,6.14,3.14,4.57,3.00,6.57,1.00,7.57,4.43,3.71,2.43,5.86
4,-10.00,4.00,5.00,6.67,5.00,4.00,9.00,3.33,8.00,2.00,8.00,5.00,9.00,4.00,3.00,9.00,7.00,6.00,8.00,3.00,2.00,2.00,1.00,6.00,7.00,3.00,1.00,6.00,7.00,1.00
1,-15.00,6.00,7.50,5.00,5.00,11.00,6.00,10.00,12.00,3.00,2.00,10.00,11.00,1.00,12.00,8.50,3.00,9.00,7.00,9.50,8.00,13.00,9.00,14.00,8.00,7.00,6.50,4.00,5.50,4.00
4,-15.00,12.00,7.50,10.00,2.50,7.00,4.50,5.00,9.00,6.00,4.00,12.50,7.00,2.00,9.00,9.50,6.00,3.00,14.00,11.50,1.00,11.00,10.50,13.00,8.50,6.50,5.50,8.00,3.50,8.00
9,-10.00,2.00,5.00,6.67,5.00,2.00,7.00,3.33,4.00,6.00,4.00,5.00,7.00,2.00,9.00,7.00,1.00,8.00,4.00,9.00,6.00,6.00,3.00,8.00,1.00,9.00,3.00,8.00,1.00,3.00
1,-3.00,1.00,1.50,2.00,2.00,2.00,2.00,1.00,2.00,1.00,1.00,1.00,1.00,2.00,2.00,1.00,1.00,2.00,2.00,2.00,1.00,2.00,1.00,1.00,1.00,2.00,2.00,1.00,1.00,2.00
1,-6.00,2.40,3.00,2.00,5.00,4.40,2.40,4.00,1.80,4.20,3.80,1.00,4.40,3.40,1.80,3.40,4.20,3.60,2.80,3.80,3.20,2.20,3.60,2.60,3.20,2.80,2.60,1.60,2.20,1.60
5,-10.00,8.00,5.00,3.33,5.00,8.00,3.00,6.67,6.00,4.00,6.00,5.00,3.00,8.00,1.00,3.00,9.00,2.00,6.00,1.00,4.00,4.00,7.00,2.00,9.00,1.00,7.00,2.00,9.00,7.00
1,-3.00,2.00,1.50,1.00,1.00,2.00,2.00,2.00,1.00,2.00,2.00,2.00,1.00,2.00,2.00,2.00,1.00,1.00,2.00,2.00,1.00,1.00,1.00,1.00,1.00,2.00,1.00,1.00,1.00,2.00
1,-10.00,6.00,5.00,3.33,5.00,6.00,2.67,6.67,5.33,4.67,2.00,5.00,6.00,6.00,7.00,1.00,3.00,4.00,2.00,7.00,8.00,8.00,7.33,4.00,3.00,7.00,9.00,4.00,3.00,4.00
1,-5.00,4.00,2.50,3.33,3.33,2.33,2.33,1.67,3.00,2.00,3.00,1.67,4.00,4.00,3.00,4.00,2.00,1.00,3.00,3.00,2.00,2.00,2.67,1.00,2.00,3.00,1.00,2.67,2.00,1.00
2,-10.00,8.00,5.00,3.33,5.00,8.00,3.00,6.67,6.00,4.00,6.00,5.00,3.00,8.00,1.00,3.00,9.00,2.00,6.00,1.00,4.00,4.00,7.00,2.00,5.67,4.33,7.00,2.00,9.00,7.00
1,-3.00,2.00,1.50,2.00,1.00,1.00,2.00,1.00,2.00,1.00,2.00,2.00,1.00,2.00,2.00,1.00,1.00,1.00,2.00,1.00,1.00,1.00,1.00,1.00,1.00,2.00,2.00,2.00,2.00,2.00
1,-10.00,4.00,5.00,5.00,5.00,4.00,9.00,5.00,8.00,2.00,8.00,5.00,9.00,4.00,3.00,4.00,7.00,6.00,8.00,3.00,2.00,2.00,1.00,6.00,7.00,3.00,6.00,6.00,7.00,1.00
2,-6.00,3.60,3.00,2.00,5.00,2.00,3.00,4.00,1.20,4.80,2.00,1.00,3.80,4.00,3.00,1.00,3.00,2.40,4.00,5.00,2.00,4.00,3.00,2.00,5.00,1.00,5.00,4.00,1.00,2.20
1,-10.00,2.00,5.00,6.67,1.67,8.67,7.00,3.33,4.00,6.00,5.67,8.33,3.67,5.33,9.00,5.33,1.00,8.00,7.33,5.67,2.67,4.33,3.00,4.67,7.67,2.33,4.67,1.33,4.33,6.33
1,-10.00,4.00,5.00,5.00,5.00,4.00,4.00,5.00,8.00,2.00,8.00,5.00,4.00,4.00,3.00,9.00,7.00,6.00,3.00,3.00,7.00,2.00,6.00,6.00,2.00,8.00,1.00,6.00,7.00,6.00
1,-10.00,6.00,5.00,3.33,5.00,6.00,7.67,6.67,5.33,4.67,2.00,5.00,1.00,6.00,7.00,4.33,3.00,4.00,2.00,7.00,8.00,8.00,2.33,4.00,6.33,3.67,5.67,4.00,3.00,9.00
1,-7.50,5.25,3.75,2.50,5.00,6.50,5.25,5.00,3.00,4.50,4.25,2.50,2.75,2.75,3.00,4.00,4.50,2.25,5.50,4.25,2.00,3.25,2.25,4.75,2.00,5.50,3.50,1.00,3.25,4.75
1,-7.50,3.50,3.75,5.00,5.00,3.50,1.00,2.50,2.00,5.50,2.00,2.50,1.00,3.50,4.50,1.00,3.00,4.00,2.00,4.50,5.50,5.50,6.50,4.00,3.00,4.50,6.50,4.00,3.00,6.50
1,-7.50,4.50,3.75,5.00,1.25,2.00,2.63,2.50,1.50,6.00,6.50,6.25,5.75,3.25,5.25,3.25,2.25,3.00,4.00,2.75,3.50,1.00,4.88,4.25,1.63,5.88,4.25,5.50,4.75,1.75
16,-30.00,24.00,15.00,20.00,5.00,14.00,9.00,10.00,18.00,12.00,8.00,25.00,29.00,4.00,3.00,19.00,27.00,6.00,28.00,23.00,2.00,22.00,21.00,26.00,17.00,13.00,11.00,16.00,7.00,1.00
2,-6.00,1.20,3.00,4.00,1.00,4.00,3.00,2.00,2.40,3.60,4.00,5.00,1.00,2.00,3.00,5.00,3.00,4.80,2.00,2.20,4.00,2.00,3.00,4.00,1.00,5.00,1.00,2.00,3.80,5.00
1,-6.00,4.80,3.00,2.00,5.00,3.80,1.80,4.00,3.60,2.40,3.60,1.00,3.80,2.80,3.60,4.80,2.40,1.20,1.60,2.60,4.40,2.40,4.20,3.20,2.40,3.60,1.20,2.20,3.40,2.20
1,-10.00,8.00,5.00,3.33,5.00,1.33,3.00,6.67,6.00,4.00,6.00,5.00,6.33,4.67,1.00,3.00,9.00,2.00,2.67,4.33,7.33,4.00,7.00,5.33,2.33,7.67,7.00,8.67,5.67,3.67
1,-7.50,4.50,3.75,5.00,3.13,2.00,4.50,2.50,3.38,4.13,2.75,4.38,3.88,5.13,1.50,5.13,6.00,3.00,2.13,6.50,5.38,4.75,3.00,2.38,3.50,4.00,2.38,5.50,1.00,3.63
2,-10.00,8.00,5.00,6.67,5.00,8.00,3.00,3.33,6.00,4.00,6.00,5.00,3.00,8.00,1.00,3.00,9.00,2.00,6.00,1.00,4.00,4.00,7.00,2.00,9.00,1.00,7.00,2.00,9.00,7.00
1,-6.67,4.00,3.33,2.22,2.22,4.56,5.67,4.44,4.67,2.00,2.72,4.44,1.22,3.44,3.00,3.44,3.67,2.67,2.44,4.39,4.22,3.94,1.00,3.22,1.72,4.94,3.22,2.11,2.28,5.44
1,-7.50,3.00,3.75,5.00,5.00,4.25,3.00,2.50,6.00,1.50,3.50,2.50,4.25,5.50,6.00,5.50,1.50,4.50,1.00,3.50,6.50,4.00,4.50,2.00,6.50,1.00,2.00,3.25,4.00,3.25
1,-8.18,6.55,4.09,3.64,2.27,2.00,5.18,4.55,4.91,3.27,3.09,5.91,6.09,5.64,3.55,4.27,4.64,1.64,4.00,7.18,4.18,5.09,3.00,2.55,5.55,2.64,3.91,6.18,1.00,2.09
4,-15.00,6.00,7.50,5.00,5.00,11.00,6.00,10.00,12.00,3.00,2.00,10.00,11.00,8.50,12.00,1.00,3.00,9.00,7.00,2.00,8.00,13.00,9.00,6.50,8.00,7.00,14.00,4.00,13.00,4.00
1,-6.43,5.14,3.21,4.29,4.29,3.71,3.00,2.14,3.86,2.57,3.14,2.14,3.71,4.43,1.71,1.57,4.71,1.29,3.86,2.43,2.57,3.29,3.43,2.00,5.43,1.00,4.86,2.71,4.00,2.71
2,-15.00,3.00,7.50,10.00,10.00,13.00,10.50,5.00,6.00,9.00,1.00,5.00,5.50,8.00,6.00,8.00,9.00,12.00,11.00,8.50,4.00,14.00,4.50,7.00,11.50,3.50,7.00,2.00,6.50,9.50
1,-5.00,3.00,2.50,3.33,1.67,3.00,3.00,1.67,1.00,4.00,1.00,3.33,1.33,3.00,2.67,3.00,2.33,2.00,1.00,2.67,4.00,4.00,2.00,2.00,2.33,2.67,2.00,2.00,2.33,3.67
2,-10.00,6.00,5.00,3.33,5.00,6.00,1.00,6.67,2.00,8.00,5.33,5.00,4.33,2.67,7.00,7.67,3.00,4.00,8.67,7.00,1.33,4.67,9.00,7.33,6.33,3.67,2.33,4.00,3.00,5.67
2,-15.00,3.00,7.50,5.00,5.00,8.00,10.50,10.00,6.00,9.00,11.00,10.00,8.00,13.00,6.00,5.50,9.00,12.00,1.00,3.50,14.00,4.00,4.50,2.00,6.50,8.50,9.50,7.00,11.50,7.00
1,-4.00,2.00,2.00,2.00,1.00,2.00,1.00,2.00,2.00,2.00,2.00,3.00,1.00,2.00,3.00,3.00,1.00,2.00,2.00,1.00,2.00,2.00,3.00,2.00,1.00,3.00,1.00,2.00,3.00,3.00
9,-15.00,3.00,7.50,5.00,5.00,8.00,3.00,10.00,6.00,9.00,11.00,10.00,8.00,13.00,6.00,13.00,9.00,12.00,1.00,11.00,14.00,4.00,12.00,2.00,14.00,1.00,2.00,7.00,4.00,7.00
1,-10.00,2.00,5.00,5.00,5.00,2.00,7.00,5.00,4.00,6.00,4.00,5.00,7.00,7.00,4.00,2.00,6.00,8.00,4.00,9.00,6.00,6.00,3.00,3.00,6.00,4.00,8.00,8.00,1.00,3.00
1,-5.00,3.00,2.50,3.33,2.08,1.33,3.00,1.67,1.00,4.00,1.83,2.92,1.33,2.17,1.00,3.42,4.00,2.00,2.67,1.83,2.33,3.17,2.00,2.83,2.33,2.67,1.58,3.67,3.17,3.67
3,-6.00,1.20,3.00,4.00,1.00,1.20,1.20,2.00,2.40,3.60,2.40,5.00,1.20,1.20,2.40,1.20,3.60,4.80,2.40,2.40,3.60,3.60,4.80,4.80,3.60,2.40,4.80,4.80,3.60,4.80
1,-6.00,1.20,3.00,2.00,5.00,3.20,4.20,4.00,2.40,3.60,3.07,1.00,4.87,4.53,3.40,2.20,2.60,4.80,3.73,1.40,2.27,2.93,1.80,1.47,2.60,3.40,3.80,2.80,4.60,1.13
1,-15.00,3.00,7.50,5.00,5.00,8.00,3.00,10.00,6.00,9.00,11.00,10.00,8.00,13.00,6.00,5.50,9.00,12.00,1.00,11.00,14.00,4.00,12.00,2.00,6.50,8.50,9.50,7.00,4.00,7.00
1,-10.00,6.00,5.00,6.67,1.67,2.67,1.00,3.33,2.00,8.00,8.67,8.33,7.67,4.33,7.00,4.33,3.00,4.00,5.33,3.67,4.67,1.33,9.00,5.67,7.17,2.83,5.67,7.33,6.33,2.33
1,-8.18,4.91,4.09,4.55,3.18,4.00,3.55,3.64,1.64,6.55,6.18,5.00,2.64,3.09,3.00,7.18,5.18,3.27,2.55,2.09,5.64,2.00,4.64,5.09,1.55,6.64,1.00,4.18,6.09,5.55
1,-10.00,2.00,5.00,5.00,5.00,2.00,7.00,5.00,4.00,6.00,4.00,5.00,7.00,2.00,9.00,7.00,1.00,8.00,4.00,4.00,6.00,6.00,3.00,8.00,1.00,9.00,3.00,8.00,6.00,3.00
1,-8.57,3.43,4.29,2.86,2.86,2.00,5.57,5.71,6.86,1.71,3.29,5.71,6.29,4.86,4.71,2.71,3.86,5.14,4.00,7.57,4.57,5.29,3.00,3.71,4.57,4.00,5.86,6.57,1.00,2.29
1,-6.67,2.67,3.33,2.22,5.56,1.56,1.00,4.44,2.00,4.67,2.56,1.11,1.56,2.11,3.67,2.11,3.00,4.00,3.11,2.56,3.56,4.11,5.67,4.56,3.56,3.11,4.56,5.11,4.11,5.11
1,-6.00,3.00,3.00,2.00,5.00,2.00,3.00,4.00,3.00,3.00,2.00,1.00,5.00,4.00,3.00,1.00,3.00,3.00,4.00,2.00,2.00,4.00,3.00,2.00,5.00,1.00,5.00,4.00,4.00,1.00
1,-5.00,3.00,2.50,3.33,3.33,1.33,3.00,1.67,1.00,4.00,1.83,1.67,1.33,3.42,1.00,3.42,4.00,2.00,2.67,1.83,2.33,3.17,2.00,1.58,2.33,2.67,1.58,3.67,3.17,3.67
1,-10.00,8.00,5.00,5.00,5.00,8.00,3.00,5.00,6.00,4.00,6.00,5.00,3.00,8.00,6.00,3.00,4.00,2.00,6.00,6.00,4.00,4.00,7.00,2.00,9.00,1.00,7.00,2.00,4.00,7.00
1,-6.00,2.00,3.00,2.67,3.67,2.67,3.00,3.33,4.00,2.00,2.67,2.33,3.67,1.33,5.00,4.33,1.00,4.00,2.33,1.67,3.67,3.33,3.00,4.67,3.67,2.33,1.67,3.33,4.33,2.33
1,-5.00,4.00,2.50,1.67,1.67,1.67,4.00,3.33,3.00,2.00,1.67,3.33,1.67,2.33,3.00,2.33,2.00,1.00,3.33,1.67,1.67,3.33,1.00,2.67,1.67,3.33,2.67,3.33,3.33,3.33
1,-6.18,2.82,3.09,4.12,3.68,5.18,1.50,2.06,3.00,3.18,1.82,2.50,2.09,4.00,4.32,2.68,1.85,3.35,4.18,2.26,2.00,4.35,4.68,2.18,3.32,2.85,3.50,1.00,3.91,4.09
1,-15.00,9.00,7.50,10.00,10.00,4.00,9.00,5.00,3.00,12.00,13.00,5.00,4.00,6.50,3.00,14.00,12.00,6.00,8.00,13.00,7.00,2.00,6.00,8.50,7.00,8.00,1.00,11.00,2.00,11.00
1,-6.00,2.80,3.00,4.00,1.00,3.80,2.80,2.00,1.60,4.40,1.60,5.00,3.80,2.80,2.60,1.80,3.40,3.20,1.60,2.60,4.40,4.40,3.20,3.20,3.40,2.60,4.20,2.20,3.40,2.20
1,-7.50,3.50,3.75,5.00,3.75,1.00,2.25,2.50,4.50,3.00,4.50,3.75,4.75,3.50,5.75,4.75,1.75,4.00,2.00,3.25,5.50,3.00,5.25,4.00,1.75,5.75,2.75,6.50,4.25,2.75
1,-7.50,4.50,3.75,5.00,5.00,2.00,4.50,2.50,1.50,6.00,4.00,2.50,3.25,2.00,5.25,5.75,2.25,3.00,4.00,6.50,3.50,3.50,3.00,5.50,3.50,4.00,1.75,5.50,1.00,4.25
1,-6.00,3.60,3.00,4.00,1.00,4.00,3.00,2.00,1.20,4.80,4.00,5.00,1.00,2.00,3.00,5.00,3.00,2.40,2.00,2.20,4.00,2.00,3.00,4.00,1.00,5.00,1.00,2.00,3.80,5.00
1,-10.00,6.00,5.00,6.67,6.67,6.67,1.00,3.33,2.00,8.00,6.67,3.33,6.67,3.33,7.00,4.33,3.00,4.00,3.33,6.67,6.67,3.33,9.00,6.67,5.67,4.33,5.67,3.33,3.33,3.33
1,-5.00,3.00,2.50,1.67,3.33,3.00,3.00,3.33,1.00,4.00,1.00,1.67,3.00,3.00,1.00,3.00,4.00,2.00,2.67,1.00,2.33,4.00,2.00,2.00,4.00,1.00,2.00,2.00,4.00,2.00
1,-6.00,3.00,3.00,2.00,2.00,2.00,3.00,4.00,3.00,3.00,2.00,4.00,2.00,4.00,3.00,4.00,3.00,3.00,1.00,5.00,5.00,4.00,3.00,2.00,5.00,1.00,2.00,4.00,1.00,4.00
1,-10.00,6.00,5.00,6.67,6.67,2.67,1.00,3.33,2.00,8.00,3.67,3.33,2.67,4.33,7.00,4.33,3.00,4.00,5.33,3.67,4.67,6.33,9.00,5.67,4.67,5.33,5.67,7.33,6.33,7.33
1,-7.50,2.25,3.75,2.50,4.38,1.00,4.13,5.00,4.50,3.00,3.25,3.13,4.75,3.50,6.38,5.38,1.13,5.25,2.00,3.25,5.50,4.25,3.38,4.00,1.75,5.75,2.13,6.50,4.25,2.75
1,-6.00,3.00,3.00,2.00,5.00,2.00,3.00,4.00,4.50,1.50,2.00,1.00,2.00,4.00,3.00,2.50,3.00,3.00,4.00,5.00,2.00,4.00,3.00,2.00,5.00,1.00,3.50,4.00,1.00,4.00
1,-5.00,1.50,2.50,2.50,2.50,4.00,1.50,2.50,3.00,2.00,3.00,2.50,4.00,1.50,3.00,4.00,2.00,3.50,3.00,3.00,2.00,2.00,3.50,3.50,2.00,3.00,1.00,1.00,2.00,1.00
1,-6.43,1.71,3.21,2.86,5.00,2.43,3.86,3.57,3.43,3.00,2.00,1.43,2.43,3.14,3.43,1.00,3.00,4.71,4.86,4.14,1.57,4.43,2.57,3.29,4.79,1.64,5.43,4.00,2.29,4.00
1,-10.00,2.00,5.00,4.17,4.17,3.67,7.00,5.83,4.00,6.00,3.17,5.83,3.67,5.33,9.00,5.33,1.00,8.00,7.33,3.17,2.67,6.83,3.00,4.67,2.67,7.33,4.67,6.33,6.83,6.33
1,-5.00,1.00,2.50,2.78,1.11,3.78,2.67,2.22,2.00,3.00,3.11,3.89,2.11,1.56,3.67,3.22,1.33,4.00,2.56,3.11,2.44,1.89,2.33,3.44,3.28,1.72,1.78,1.22,1.89,2.89
1,-7.50,5.25,3.75,2.50,6.25,4.00,1.50,5.00,3.00,4.50,5.50,1.25,4.00,2.75,3.00,6.50,4.50,2.25,4.25,5.50,3.25,2.00,6.00,4.75,3.25,4.25,1.00,3.50,2.00,3.50
1,-7.50,4.50,3.75,2.50,2.50,2.00,4.50,5.00,1.50,6.00,4.00,5.00,4.50,2.00,1.50,2.00,6.00,3.00,4.00,4.00,3.50,3.50,3.00,5.50,1.00,6.50,5.50,5.50,3.50,3.00
1,-6.00,4.00,3.00,4.00,4.00,2.00,2.00,2.00,4.00,2.00,2.00,2.00,5.00,3.00,2.00,4.00,4.00,2.00,4.00,4.00,2.00,4.00,4.00,3.00,4.00,2.00,2.00,4.00,2.00,1.00
1,-5.00,2.00,2.50,2.50,2.50,2.00,2.00,2.50,4.00,1.00,4.00,2.50,2.00,2.00,4.00,2.00,1.00,3.00,1.50,4.00,3.50,1.00,3.00,3.00,3.50,1.50,3.00,3.00,1.00,3.00
1,-5.00,1.50,2.50,1.67,3.75,2.33,2.75,3.33,3.00,2.00,3.00,1.25,1.50,4.00,1.75,1.50,3.25,3.50,3.00,1.75,2.00,2.00,2.25,1.00,3.25,1.75,3.50,2.67,3.25,3.50
1,-4.29,2.00,2.14,2.38,1.67,1.52,1.29,1.90,1.14,3.14,2.10,2.62,2.24,1.05,3.29,3.19,1.00,2.29,3.05,1.38,1.24,2.19,3.00,3.24,1.95,2.33,1.10,2.76,2.90,2.05
1,-3.00,2.00,1.50,1.00,1.00,1.00,2.00,2.00,1.00,2.00,1.00,2.00,2.00,2.00,2.00,2.00,1.00,1.00,1.00,2.00,2.00,2.00,1.00,1.00,1.00,2.00,1.00,2.00,1.00,1.00
1,-6.67,2.00,3.33,4.44,2.78,3.11,3.67,2.22,4.00,2.67,1.78,3.89,4.78,4.22,5.67,4.22,1.00,4.67,2.89,3.44,3.78,4.89,3.00,2.44,5.44,1.22,2.44,3.56,3.22,1.89
1,-15.00,9.00,7.50,5.00,5.00,14.00,9.00,10.00,3.00,12.00,8.00,10.00,6.50,4.00,3.00,4.00,12.00,6.00,13.00,8.00,2.00,7.00,6.00,11.00,9.50,5.50,11.00,1.00,7.00,8.50
1,-5.00,3.00,2.50,3.33,2.50,3.00,3.00,1.67,1.00,4.00,1.00,2.50,3.00,3.00,3.50,3.00,1.50,2.00,1.00,1.83,4.00,4.00,2.00,2.00,4.00,1.00,2.00,2.00,3.17,2.00
1,-5.00,2.00,2.50,2.08,2.08,1.58,2.00,2.92,4.00,1.00,2.33,2.92,1.58,3.67,1.50,3.67,3.50,3.00,1.92,2.33,3.08,2.67,3.00,1.33,3.08,1.92,1.33,3.42,2.67,3.42
1,-5.00,1.00,2.50,1.67,1.67,1.83,2.67,3.33,2.00,3.00,2.00,3.33,1.83,2.67,2.00,1.00,3.00,4.00,3.67,2.83,1.33,3.00,2.33,2.33,3.83,1.17,4.00,3.17,2.17,3.17
2,-10.00,6.00,5.00,3.33,5.00,6.00,6.00,6.67,2.00,8.00,2.00,5.00,1.00,6.00,7.00,2.67,3.00,4.00,2.00,7.00,8.00,8.00,4.00,4.00,3.00,7.00,7.33,4.00,3.00,9.00
1,-4.29,2.57,2.14,2.86,2.86,3.29,2.57,1.43,3.00,1.29,2.64,1.43,1.14,1.86,3.00,2.93,1.29,1.71,2.29,1.57,2.00,1.64,1.71,2.43,3.07,1.21,1.36,1.00,2.71,3.14
1,-7.50,1.50,3.75,2.50,6.25,4.00,5.25,5.00,3.00,4.50,5.50,1.25,4.00,6.50,3.00,2.75,4.50,6.00,4.25,5.50,3.25,2.00,2.25,1.00,3.25,4.25,4.75,3.50,2.00,3.50
1,-10.00,8.00,5.00,3.33,5.00,8.00,3.00,6.67,6.00,4.00,6.00,5.00,3.00,8.00,1.00,3.00,9.00,2.00,6.00,4.33,4.00,4.00,7.00,2.00,9.00,1.00,7.00,2.00,5.67,7.00
1,-6.35,3.81,3.17,2.12,5.29,5.35,4.67,4.23,3.00,3.35,3.38,1.06,3.33,4.00,4.44,4.87,1.90,2.54,4.35,3.67,2.00,2.96,1.67,2.35,4.02,2.33,1.48,1.00,2.67,3.02
1,-15.00,9.00,7.50,10.00,10.00,4.00,9.00,5.00,3.00,12.00,13.00,5.00,4.00,14.00,10.50,6.50,4.50,6.00,8.00,5.50,7.00,2.00,6.00,1.00,7.00,8.00,8.50,11.00,9.50,11.00
1,-7.50,4.50,3.75,2.50,2.50,5.75,4.50,5.00,5.25,2.25,4.00,5.00,2.00,2.00,1.50,3.25,6.00,3.00,4.00,4.00,3.50,3.50,3.00,5.50,1.00,6.50,4.25,1.75,3.50,5.50
1,-6.43,3.86,3.21,2.86,1.79,2.43,1.71,3.57,3.43,3.00,2.00,4.64,4.57,1.00,4.50,4.21,1.93,2.57,2.71,2.00,3.71,4.43,4.71,5.43,3.71,2.71,2.21,4.00,4.43,1.86
3,-15.00,3.00,7.50,10.00,2.50,13.00,10.50,5.00,6.00,9.00,1.00,12.50,5.50,8.00,6.00,8.00,9.00,12.00,11.00,8.50,4.00,14.00,4.50,7.00,11.50,3.50,7.00,2.00,6.50,9.50
10,-15.00,6.00,7.50,5.00,5.00,11.00,6.00,10.00,12.00,3.00,2.00,10.00,11.00,1.00,12.00,1.00,3.00,9.00,7.00,2.00,8.00,13.00,9.00,14.00,8.00,7.00,14.00,4.00,13.00,4.00
2,-7.50,3.00,3.75,2.50,6.25,5.50,3.00,5.00,6.00,1.50,1.00,1.25,5.50,4.25,2.25,4.25,5.25,4.50,3.50,4.75,4.00,6.50,4.50,3.25,4.00,3.50,3.25,2.00,2.75,2.00
1,-6.00,1.60,3.00,4.00,1.00,1.60,4.60,2.00,3.20,2.80,3.20,5.00,2.60,3.60,2.20,2.60,3.80,4.40,1.20,2.20,4.80,2.80,1.40,2.40,3.80,2.20,3.40,4.40,3.80,3.40
1,-7.50,4.88,3.75,5.00,5.00,6.13,3.00,2.50,4.13,3.38,3.50,2.50,2.38,5.50,4.13,3.63,3.38,2.63,4.75,1.63,2.75,4.00,4.50,2.00,6.50,1.00,3.88,1.38,5.88,5.13
1,-3.00,2.00,1.50,1.00,1.00,2.00,2.00,2.00,1.00,2.00,2.00,2.00,1.00,1.00,2.00,1.00,1.00,1.00,1.00,2.00,2.00,1.00,1.00,2.00,2.00,1.00,2.00,1.00,1.00,2.00
2,-15.00,12.00,7.50,5.00,5.00,2.00,12.00,10.00,9.00,6.00,14.00,10.00,9.50,7.00,9.00,7.00,6.00,3.00,4.00,6.50,11.00,1.00,3.00,8.00,11.00,4.00,8.00,13.00,8.50,5.50
1,-6.00,1.20,3.00,2.00,5.00,1.20,2.20,4.00,2.40,3.60,2.40,1.00,1.20,1.20,2.40,1.20,3.60,4.80,2.40,2.40,3.60,3.60,3.80,4.80,3.60,2.40,4.80,4.80,3.60,4.80
1,-6.00,3.60,3.00,2.00,5.00,4.10,3.60,4.00,1.20,4.80,3.20,1.00,4.10,3.10,1.20,3.10,4.80,2.40,2.20,1.70,3.80,2.80,2.40,2.90,3.80,2.20,2.90,1.90,4.30,1.90
1,-4.41,1.59,2.21,2.94,2.94,1.88,1.59,1.47,3.18,1.24,2.59,1.47,1.00,3.06,1.41,3.06,3.00,2.82,2.00,2.59,2.41,1.82,2.82,1.35,3.29,1.12,1.35,2.53,1.82,3.41
1,-6.00,3.20,3.00,4.00,1.00,2.20,4.20,2.00,2.40,3.60,4.40,5.00,3.20,3.20,4.40,3.20,1.60,2.80,4.40,3.40,1.60,1.60,1.80,2.80,4.60,1.40,2.80,3.80,2.60,2.80
1,-6.00,4.50,3.00,2.00,5.00,2.00,3.00,4.00,3.00,3.00,2.00,1.00,3.50,4.00,3.00,1.00,3.00,1.50,4.00,2.00,2.00,4.00,3.00,2.00,2.00,4.00,5.00,4.00,4.00,2.50
1,-10.00,8.00,5.00,6.67,1.67,4.67,3.00,3.33,6.00,4.00,2.67,8.33,3.00,1.33,1.00,6.33,9.00,2.00,6.00,7.67,4.00,7.33,7.00,8.67,5.67,4.33,3.67,5.33,2.33,7.00
1,-6.00,3.60,3.00,4.00,1.00,4.00,3.00,2.00,1.20,4.80,4.00,5.00,2.20,2.00,3.00,5.00,3.00,2.40,2.00,1.00,4.00,2.00,3.00,4.00,1.00,5.00,1.00,2.00,5.00,3.80
1,-5.00,3.00,2.50,1.67,1.67,3.00,3.00,3.33,1.00,4.00,1.00,3.33,3.00,3.00,1.00,3.00,4.00,2.00,2.67,1.00,2.33,4.00,2.00,2.00,2.33,2.67,2.00,2.00,4.00,2.00
1,-7.50,3.50,3.75,4.17,4.17,2.67,1.00,3.33,2.00,5.50,6.17,3.33,5.17,4.33,4.50,4.33,3.00,4.00,5.33,2.42,2.17,1.33,6.50,3.17,2.17,5.33,3.17,4.83,5.08,2.33
1,-7.50,6.00,3.75,5.00,3.13,3.50,2.25,2.50,4.50,3.00,2.00,4.38,5.38,1.00,4.50,4.75,3.00,1.50,3.25,5.75,4.25,5.50,5.25,6.50,4.25,3.25,2.75,4.00,1.75,2.13
1,-5.00,3.00,2.50,1.67,1.67,1.33,2.17,3.33,1.00,4.00,1.83,3.33,3.83,3.00,1.83,2.17,3.17,2.00,2.67,1.83,2.33,3.17,2.83,2.00,3.17,1.83,2.83,3.67,3.17,1.17
4,-15.00,9.00,7.50,5.00,5.00,14.00,9.00,10.00,3.00,12.00,8.00,10.00,6.50,4.00,3.00,4.00,12.00,6.00,13.00,8.00,2.00,7.00,6.00,11.00,2.00,13.00,11.00,1.00,7.00,8.50
1,-5.00,1.00,2.50,3.33,3.33,1.00,2.67,1.67,2.00,3.00,2.00,1.67,2.67,1.00,3.67,2.67,1.33,4.00,2.00,3.67,3.00,3.00,2.33,4.00,3.00,2.00,2.33,4.00,1.33,2.33
1,-5.00,2.00,2.50,3.33,3.33,2.00,2.00,1.67,4.00,1.00,4.00,1.67,2.00,2.00,4.00,2.00,1.00,3.00,4.00,2.33,1.00,1.00,3.00,3.00,1.00,4.00,3.00,3.00,2.67,3.00
1,-6.00,2.40,3.00,4.00,1.00,2.40,2.40,2.00,4.80,1.20,3.80,5.00,2.40,2.40,2.80,2.40,3.20,3.60,1.80,1.80,4.20,2.20,3.60,3.60,1.20,4.80,3.60,3.60,4.20,3.60
1,-4.29,2.79,2.14,1.43,1.43,1.00,2.79,2.86,1.29,3.00,1.64,2.86,1.00,1.36,1.29,1.36,3.00,1.50,2.00,1.64,2.29,2.64,1.50,2.93,2.29,2.00,2.93,3.29,2.64,3.29
3,-15.00,12.00,7.50,10.00,10.00,7.00,12.00,5.00,9.00,6.00,4.00,5.00,7.00,2.00,9.00,2.00,6.00,3.00,14.00,4.00,1.00,11.00,3.00,13.00,8.50,6.50,13.00,8.00,11.00,8.00
1,-5.00,4.00,2.50,3.33,3.33,2.33,4.00,1.67,3.00,2.00,1.33,1.67,2.33,3.17,3.00,3.17,2.00,1.00,2.17,3.83,2.83,3.67,1.00,1.83,2.83,2.17,1.83,2.67,1.17,2.67
1,-10.00,4.00,5.00,5.00,5.00,4.00,9.00,5.00,8.00,2.00,8.00,5.00,6.50,4.00,3.00,4.00,7.00,6.00,3.00,3.00,7.00,2.00,1.00,6.00,7.00,3.00,6.00,6.00,7.00,3.50
1,-15.00,6.00,7.50,5.00,5.00,11.00,6.00,10.00,12.00,3.00,2.00,10.00,11.00,8.50,12.00,1.00,3.00,9.00,7.00,9.50,8.00,13.00,9.00,6.50,8.00,7.00,14.00,4.00,5.50,4.00
1,-6.00,2.00,3.00,4.00,1.00,2.00,1.00,2.00,2.00,4.00,2.00,5.00,1.00,2.00,3.00,1.00,3.00,4.00,2.00,3.00,4.00,4.00,5.00,4.00,3.00,3.00,5.00,4.00,3.00,5.00
1,-7.50,1.50,3.75,5.00,5.00,6.50,5.25,2.50,3.00,4.50,4.25,2.50,2.75,4.00,3.00,4.00,4.50,6.00,5.50,4.25,2.00,3.25,2.25,3.50,5.75,1.75,3.50,1.00,3.25,4.75
1,-3.00,1.00,1.50,2.00,1.00,1.00,2.00,1.00,2.00,1.00,1.00,2.00,2.00,2.00,1.00,2.00,2.00,2.00,2.00,1.00,1.00,2.00,1.00,1.00,2.00,1.00,1.00,2.00,2.00,1.00
1,-10.00,2.00,5.00,5.00,5.00,2.00,7.00,5.00,4.00,6.00,4.00,5.00,7.00,2.00,4.00,7.00,6.00,8.00,4.00,9.00,6.00,6.00,3.00,8.00,6.00,4.00,3.00,8.00,1.00,3.00
1,-5.71,1.14,2.86,2.86,2.14,4.00,1.86,2.86,2.29,3.43,3.71,3.57,1.86,4.00,3.00,4.71,2.71,4.57,3.71,3.00,2.00,2.00,3.86,1.71,2.71,3.00,1.00,1.71,2.71,3.86
1,-5.00,4.00,2.50,1.67,1.67,1.78,3.44,3.33,3.00,2.00,1.89,3.33,3.44,2.89,3.00,3.44,2.00,1.00,1.89,2.44,3.11,3.11,1.56,2.11,1.44,3.56,1.56,3.22,2.56,1.56
1,-6.00,1.20,3.00,2.00,2.60,2.00,3.00,4.00,2.40,3.60,2.00,3.40,3.80,4.00,3.00,1.00,3.00,4.80,4.00,5.00,2.00,4.00,3.00,2.00,5.00,1.00,5.00,4.00,1.00,2.20
1,-6.00,2.88,3.00,2.00,5.00,3.68,3.48,4.00,2.16,3.84,2.96,1.00,4.28,4.48,3.96,2.68,2.04,3.12,3.76,1.16,2.24,3.04,2.52,1.52,4.04,1.96,3.32,2.32,4.84,1.72
1,-10.00,2.00,5.00,6.67,5.00,2.00,7.00,3.33,4.00,6.00,4.00,5.00,7.00,2.00,5.67,7.00,4.33,8.00,4.00,9.00,6.00,6.00,3.00,8.00,1.00,9.00,3.00,8.00,1.00,3.00
1,-7.50,1.50,3.75,4.38,2.50,4.00,3.38,3.13,3.00,4.50,5.50,5.00,4.00,2.75,3.00,6.50,4.50,6.00,2.38,5.50,5.13,2.00,4.13,4.75,1.38,6.13,1.00,3.50,2.00,3.50
1,-10.00,2.00,5.00,3.33,3.33,5.33,7.00,6.67,4.00,6.00,7.33,6.67,5.33,3.67,9.00,3.67,1.00,8.00,5.67,7.33,4.33,2.67,3.00,6.33,4.33,5.67,6.33,4.67,2.67,4.67
1,-7.50,3.00,3.75,5.00,1.25,4.25,3.00,2.50,2.25,5.25,3.50,6.25,4.25,5.50,2.25,1.75,5.25,4.50,4.75,3.50,2.75,4.00,4.50,2.00,6.50,1.00,5.75,3.25,4.00,3.25
1,-4.00,2.00,2.00,2.00,1.00,2.00,3.00,2.00,2.00,2.00,2.00,3.00,1.00,2.00,1.00,1.00,3.00,2.00,2.00,3.00,2.00,2.00,1.00,2.00,1.00,3.00,3.00,2.00,1.00,3.00
1,-7.50,4.50,3.75,2.50,6.25,3.25,4.50,5.00,1.50,6.00,4.00,1.25,3.25,2.00,5.25,3.88,2.25,3.00,6.50,2.13,1.00,3.50,3.00,5.50,4.75,2.75,3.63,4.25,5.38,4.25
1,-5.00,1.00,2.50,1.67,2.50,1.00,3.50,3.33,2.00,3.00,2.00,2.50,2.67,1.00,3.67,3.50,1.33,4.00,2.00,2.00,3.00,3.00,1.50,4.00,3.00,2.00,1.50,4.00,3.00,2.33
2,-15.00,6.00,7.50,5.00,12.50,11.00,6.00,10.00,12.00,3.00,2.00,2.50,3.50,1.00,4.50,8.50,10.50,9.00,7.00,9.50,8.00,13.00,9.00,14.00,8.00,7.00,6.50,4.00,5.50,11.50
1,-3.00,1.00,1.50,1.00,1.00,2.00,2.00,2.00,1.00,2.00,1.00,2.00,2.00,1.00,1.00,1.00,2.00,2.00,1.00,2.00,2.00,2.00,1.00,2.00,2.00,1.00,2.00,1.00,1.00,1.00
1,-10.00,2.00,5.00,6.67,6.67,8.67,7.00,3.33,4.00,6.00,5.67,3.33,3.67,5.33,9.00,5.33,1.00,8.00,7.33,5.67,2.67,4.33,3.00,4.67,7.67,2.33,4.67,1.33,4.33,6.33
1,-6.00,2.40,3.00,2.00,5.00,2.90,2.40,4.00,4.80,1.20,3.80,1.00,2.90,3.40,4.80,3.40,1.20,3.60,4.30,3.80,1.70,2.20,3.60,2.60,1.70,4.30,2.60,3.10,2.20,3.10
2,-6.00,4.80,3.00,4.00,1.00,4.00,3.00,2.00,3.60,2.40,4.00,5.00,2.20,2.00,3.00,5.00,3.00,1.20,2.00,1.00,4.00,2.00,3.00,4.00,1.00,5.00,1.00,2.00,5.00,3.80
1,-10.00,6.00,5.00,5.00,5.00,6.00,6.00,5.00,7.00,3.00,7.00,5.00,1.00,6.00,7.00,6.00,3.00,4.00,2.00,2.00,8.00,3.00,4.00,4.00,3.00,7.00,4.00,4.00,8.00,9.00
3,-15.00,3.00,7.50,5.00,5.00,8.00,3.00,10.00,6.00,9.00,11.00,10.00,8.00,13.00,6.00,13.00,9.00,12.00,8.50,11.00,6.50,4.00,12.00,2.00,14.00,1.00,2.00,7.00,4.00,7.00
1,-7.89,6.00,3.95,2.63,5.00,3.89,2.05,5.26,4.11,3.79,2.00,2.89,4.68,3.37,4.89,1.00,3.00,1.89,3.05,2.79,4.84,5.89,5.84,4.53,4.05,3.84,6.89,4.00,5.11,3.21
1,-10.00,4.00,5.00,6.67,5.00,4.00,6.50,3.33,3.00,7.00,8.00,5.00,4.00,4.00,3.00,9.00,7.00,6.00,5.50,3.00,4.50,2.00,3.50,6.00,7.00,3.00,1.00,6.00,7.00,6.00
1,-3.00,1.00,1.50,1.00,2.00,1.00,1.00,2.00,2.00,1.00,1.00,1.00,2.00,2.00,1.00,1.00,2.00,2.00,1.00,1.00,2.00,2.00,2.00,1.00,2.00,1.00,2.00,2.00,2.00,1.00
1,-7.50,5.25,3.75,5.00,1.25,2.75,5.25,2.50,3.00,4.50,4.25,6.25,6.50,4.00,3.00,4.00,4.50,2.25,5.50,4.25,2.00,3.25,2.25,3.50,5.75,1.75,3.50,4.75,3.25,1.00
1,-5.83,2.33,2.92,2.50,3.33,4.00,2.33,3.33,4.67,1.17,3.83,2.50,2.33,2.33,3.00,4.83,2.83,3.50,2.17,2.17,3.67,2.00,3.50,3.50,1.17,4.67,1.00,1.83,3.67,3.50
1,-6.00,1.50,3.00,4.00,4.00,4.00,3.00,2.00,3.00,3.00,4.00,2.00,1.00,2.00,3.00,3.50,3.00,4.50,2.00,1.00,4.00,2.00,3.00,4.00,1.00,5.00,2.50,2.00,5.00,5.00
1,-6.00,2.80,3.00,4.00,1.00,3.80,3.80,2.00,1.60,4.40,1.60,5.00,3.80,2.80,1.60,2.80,4.40,3.20,1.60,2.60,4.40,4.40,2.20,3.20,4.40,1.60,3.20,2.20,3.40,2.20
1,-6.00,4.80,3.00,4.00,1.00,2.80,4.80,2.00,3.60,2.40,1.60,5.00,2.80,3.80,3.60,3.80,2.40,1.20,2.60,4.60,3.40,4.40,1.20,2.20,3.40,2.60,2.20,3.20,1.40,3.20
1,-4.62,3.23,2.31,1.54,2.69,2.46,2.08,3.08,3.00,1.62,1.08,1.92,3.62,1.69,3.00,2.85,1.62,1.38,2.62,2.23,2.00,3.54,2.54,2.92,3.15,1.46,1.77,2.15,2.38,1.00
1,-5.00,2.75,2.50,2.50,1.25,4.00,4.00,2.50,3.00,2.00,3.00,3.75,1.50,2.75,1.75,1.50,3.25,2.25,3.00,3.00,2.00,2.00,1.00,2.25,3.25,1.75,3.50,1.00,2.00,3.50
1,-4.00,2.00,2.00,2.00,3.00,2.00,3.00,2.00,2.00,2.00,2.00,1.00,3.00,2.00,3.00,1.00,1.00,2.00,2.00,1.00,2.00,2.00,1.00,2.00,1.00,3.00,3.00,2.00,3.00,1.00
1,-7.50,3.00,3.75,5.00,1.25,4.25,3.00,2.50,6.00,1.50,3.50,6.25,4.25,5.50,2.25,3.63,5.25,4.50,1.00,5.38,6.50,4.00,4.50,2.00,2.75,4.75,3.88,3.25,2.13,3.25
1,-5.00,4.00,2.50,2.50,2.50,4.00,4.00,2.50,3.00,2.00,3.00,2.50,1.50,1.50,3.00,4.00,2.00,1.00,3.00,3.00,2.00,2.00,1.00,3.50,2.00,3.00,1.00,1.00,2.00,3.50
1,-6.00,4.40,3.00,2.00,5.00,4.40,3.40,4.00,2.80,3.20,2.80,1.00,3.40,4.40,3.80,3.40,2.20,1.60,2.80,3.80,3.20,3.20,2.60,1.60,4.20,1.80,2.60,1.60,2.20,2.60
1,-6.00,2.00,3.00,3.33,2.33,1.33,3.00,2.67,4.00,2.00,3.33,3.67,4.33,4.67,5.00,3.67,1.00,4.00,2.67,2.33,3.33,2.67,3.00,1.33,4.33,1.67,2.33,4.67,3.67,1.67
1,-6.25,4.25,3.12,4.17,4.17,4.67,1.75,2.08,3.50,2.75,3.92,2.08,2.17,3.83,1.00,2.58,5.25,2.00,3.08,3.92,3.17,2.33,4.50,2.42,4.42,1.83,3.67,1.58,2.33,4.08
1,-10.00,6.00,5.00,6.67,5.00,6.00,1.00,3.33,2.00,8.00,2.00,5.00,6.00,6.00,7.00,4.33,3.00,4.00,2.00,7.00,8.00,8.00,9.00,4.00,3.00,7.00,5.67,4.00,3.00,4.00
1,-5.00,3.00,2.50,1.67,3.33,3.00,3.00,3.33,1.00,4.00,1.00,1.67,3.00,3.00,1.00,3.00,4.00,2.00,1.00,2.67,4.00,4.00,2.00,2.00,4.00,1.00,2.00,2.00,2.33,2.00
1,-5.00,1.50,2.50,2.50,3.75,4.00,4.00,2.50,3.00,2.00,3.00,1.25,4.00,4.00,3.00,2.75,2.00,3.50,3.00,3.00,2.00,2.00,1.00,1.00,2.00,3.00,2.25,1.00,2.00,1.00
1,-5.00,3.00,2.50,1.67,3.33,3.00,3.00,3.33,1.00,4.00,1.00,1.67,3.00,3.00,2.67,3.00,2.33,2.00,1.00,1.00,4.00,4.00,2.00,2.00,4.00,1.00,2.00,2.00,4.00,2.00
1,-5.00,1.00,2.50,3.33,3.33,1.00,1.00,1.67,2.00,3.00,2.00,1.67,1.00,2.67,2.00,2.67,3.00,4.00,2.00,2.00,3.00,3.00,4.00,2.33,3.00,2.00,2.33,4.00,3.00,4.00
2,-15.00,3.00,7.50,5.00,5.00,8.00,3.00,10.00,6.00,9.00,11.00,10.00,8.00,13.00,6.00,13.00,9.00,12.00,1.00,11.00,14.00,4.00,12.00,2.00,6.50,8.50,2.00,7.00,4.00,7.00
1,-7.50,1.50,3.75,5.00,5.00,3.50,5.25,2.50,3.00,4.50,2.00,2.50,2.75,4.00,4.50,1.00,3.00,6.00,4.75,4.25,2.75,5.50,2.25,3.50,5.75,1.75,6.50,4.00,3.25,4.75
1,-6.00,2.40,3.00,2.00,5.00,4.40,3.90,4.00,1.80,4.20,3.80,1.00,4.40,3.40,4.80,3.40,1.20,3.60,2.80,3.80,3.20,2.20,2.10,2.60,3.20,2.80,2.60,1.60,2.20,1.60
1,-6.00,4.80,3.00,4.00,1.00,2.80,1.80,2.00,3.60,2.40,4.60,5.00,2.80,3.80,3.60,3.80,2.40,1.20,2.60,1.60,3.40,1.40,4.20,2.20,1.90,4.10,2.20,3.20,4.40,3.20
1,-7.50,6.00,3.75,5.00,2.50,4.75,2.25,2.50,4.50,3.00,3.25,5.00,1.00,3.50,4.50,3.50,3.00,1.50,2.00,3.25,5.50,4.25,5.25,4.00,1.75,5.75,4.00,2.75,4.25,6.50
2,-6.00,4.80,3.00,2.00,5.00,4.80,4.80,4.00,3.60,2.40,3.60,1.00,4.80,4.80,3.60,4.80,2.40,1.20,3.60,3.60,2.40,2.40,1.20,1.20,2.40,3.60,1.20,1.20,2.40,1.20
1,-6.00,3.00,3.00,2.75,2.00,2.00,3.75,3.25,2.25,3.75,5.00,4.00,2.00,4.00,4.50,2.50,1.50,3.00,4.00,2.00,2.00,1.00,2.25,2.00,4.25,1.75,3.50,4.00,4.00,4.00
2,-15.00,6.00,7.50,5.00,5.00,11.00,6.00,10.00,12.00,3.00,2.00,10.00,11.00,1.00,4.50,8.50,10.50,9.00,7.00,9.50,8.00,13.00,9.00,14.00,8.00,7.00,6.50,4.00,5.50,4.00
2,-10.00,7.00,5.00,5.00,5.00,7.00,7.00,5.00,4.00,6.00,4.00,5.00,2.00,2.00,4.00,2.00,6.00,3.00,4.00,4.00,6.00,6.00,3.00,8.00,1.00,9.00,8.00,3.00,6.00,8.00
1,-6.00,2.70,3.00,4.00,1.00,2.20,1.20,2.00,2.40,3.60,3.40,5.00,2.20,3.20,2.40,1.70,3.60,3.30,1.40,3.40,4.60,2.60,4.80,2.80,1.60,4.40,4.30,3.80,2.60,3.80
1,-6.00,4.80,3.00,4.00,1.00,2.80,1.80,2.00,3.60,2.40,2.93,5.00,1.13,1.47,2.60,3.80,3.40,1.20,2.27,1.93,3.73,3.07,4.20,4.53,3.40,2.60,2.20,3.20,4.07,4.87
1,-5.00,2.33,2.50,1.67,1.67,2.33,2.33,3.33,1.33,3.67,1.33,3.33,4.00,2.33,1.33,2.33,3.67,2.67,3.00,1.33,2.00,3.67,2.67,2.67,3.67,1.33,2.67,2.67,3.67,1.00
1,-10.00,6.00,5.00,4.67,7.67,6.67,1.00,5.33,2.00,8.00,6.67,2.33,5.67,3.33,7.00,6.33,3.00,4.00,3.33,5.67,6.67,3.33,9.00,6.67,5.67,4.33,3.67,3.33,4.33,4.33
1,-5.00,2.00,2.50,1.67,1.67,3.67,2.00,3.33,4.00,1.00,3.17,3.33,3.67,1.58,1.50,1.58,3.50,3.00,2.33,3.17,2.67,1.83,3.00,3.42,2.67,2.33,3.42,1.33,1.83,1.33
22,-30.00,18.00,15.00,20.00,5.00,8.00,3.00,10.00,6.00,24.00,26.00,25.00,23.00,28.00,21.00,13.00,9.00,12.00,16.00,11.00,14.00,4.00,27.00,2.00,29.00,1.00,17.00,22.00,19.00,7.00
10,-30.00,6.00,15.00,20.00,5.00,26.00,21.00,10.00,12.00,18.00,2.00,25.00,11.00,16.00,27.00,1.00,3.00,24.00,22.00,17.00,8.00,28.00,9.00,14.00,23.00,7.00,29.00,4.00,13.00,19.00
1,-10.00,6.00,5.00,5.00,5.00,6.00,6.00,5.00,7.00,3.00,7.00,5.00,1.00,6.00,7.00,6.00,3.00,4.00,2.00,2.00,8.00,3.00,4.00,4.00,8.00,2.00,4.00,4.00,8.00,9.00
1,-5.77,2.77,2.88,3.85,2.12,2.00,2.19,1.92,4.38,1.38,4.77,3.65,2.58,2.38,2.65,2.38,3.12,3.00,4.00,1.88,1.77,1.00,3.58,3.38,1.19,4.58,3.38,3.77,3.88,3.19
1,-5.00,3.00,2.50,3.33,2.50,3.00,3.00,1.67,1.00,4.00,1.00,2.50,2.17,3.00,3.50,3.00,1.50,2.00,1.00,1.83,4.00,4.00,2.00,2.00,1.50,3.50,2.00,2.00,3.17,2.83
1,-10.00,2.00,5.00,6.67,6.67,6.67,7.00,3.33,4.00,6.00,6.67,3.33,4.67,4.33,9.00,3.33,1.00,8.00,3.33,6.67,6.67,3.33,3.00,5.67,6.67,3.33,6.67,3.33,3.33,5.33
1,-6.52,1.83,3.26,4.35,3.70,2.26,5.09,2.17,3.65,2.87,4.09,2.83,5.52,4.00,3.00,3.35,3.52,4.70,4.52,2.13,2.00,2.43,1.43,2.52,3.96,2.57,3.17,4.26,4.39,1.00
1,-5.22,1.83,2.61,1.74,3.70,3.57,3.78,3.48,2.35,2.87,2.78,1.52,4.22,2.70,1.70,3.35,3.52,3.39,3.22,3.43,2.00,2.43,1.43,2.52,1.35,3.87,1.87,1.65,1.78,1.00
2,-10.00,4.00,5.00,5.00,5.00,4.00,4.00,5.00,3.00,7.00,8.00,5.00,4.00,4.00,3.00,9.00,7.00,6.00,8.00,8.00,2.00,2.00,6.00,6.00,7.00,3.00,1.00,6.00,2.00,6.00
7,-15.00,12.00,7.50,5.00,5.00,2.00,12.00,10.00,9.00,6.00,14.00,10.00,2.00,7.00,9.00,7.00,6.00,3.00,4.00,14.00,11.00,1.00,3.00,8.00,11.00,4.00,8.00,13.00,1.00,13.00
1,-6.00,2.00,3.00,4.00,2.00,4.00,5.00,2.00,4.00,2.00,4.00,4.00,4.00,3.00,2.00,2.00,4.00,4.00,2.00,3.00,4.00,2.00,1.00,3.00,4.00,2.00,4.00,2.00,3.00,2.00
1,-5.00,2.33,2.50,3.33,1.67,4.00,4.00,1.67,3.00,2.00,3.00,3.33,2.33,4.00,1.33,1.50,3.67,2.67,3.00,3.00,2.00,2.00,1.00,1.00,2.00,3.00,3.50,1.00,2.00,2.67
1,-10.00,4.00,5.00,6.67,1.67,7.33,9.00,3.33,8.00,2.00,4.67,8.33,5.67,7.33,3.00,5.67,7.00,6.00,4.67,6.33,5.33,5.33,1.00,2.67,3.67,6.33,4.33,2.67,3.67,4.33
2,-10.00,4.00,5.00,6.67,1.67,7.33,9.00,3.33,8.00,2.00,4.67,8.33,5.67,7.33,3.00,2.33,7.00,6.00,4.67,6.33,5.33,5.33,1.00,2.67,3.67,6.33,7.67,2.67,3.67,4.33
1,-6.00,3.00,3.00,4.00,1.00,4.00,3.00,2.00,4.50,1.50,4.00,5.00,4.00,2.00,3.00,2.00,3.00,3.00,2.00,1.00,4.00,2.00,3.00,4.00,2.50,3.50,4.00,2.00,5.00,2.00
1,-10.00,3.00,5.00,5.00,2.50,3.00,5.50,5.00,6.00,4.00,6.00,7.50,5.50,8.00,3.50,5.50,6.50,7.00,1.00,3.50,9.00,4.00,4.50,2.00,4.00,6.00,4.50,7.00,6.50,4.50
1,-5.00,3.00,2.50,2.50,1.25,3.00,3.00,2.50,2.25,2.75,1.00,3.75,3.00,3.00,1.00,3.00,4.00,2.00,1.00,3.50,4.00,4.00,2.00,2.00,4.00,1.00,2.00,2.00,1.50,2.00
1,-6.00,1.20,3.00,2.00,5.00,3.20,4.20,4.00,2.40,3.60,3.20,1.00,5.00,4.00,3.00,2.20,3.00,4.80,4.00,3.80,2.00,2.80,1.80,2.00,2.60,3.40,3.80,2.80,2.20,1.00
1,-4.29,1.14,2.14,2.86,2.14,2.57,3.29,1.43,2.29,2.00,2.29,2.14,3.29,1.14,3.00,1.86,1.29,3.14,2.29,3.00,2.00,2.00,1.00,3.14,1.29,3.00,2.43,1.71,1.29,1.00
1,-10.00,8.00,5.00,5.00,5.00,8.00,3.00,5.00,6.00,4.00,6.00,5.00,8.00,3.00,1.00,3.00,9.00,2.00,6.00,6.00,4.00,4.00,7.00,7.00,4.00,6.00,7.00,2.00,4.00,2.00
1,-4.29,3.14,2.14,1.43,1.43,1.71,1.00,2.86,2.00,2.29,2.00,2.86,1.00,2.43,1.29,1.71,3.00,1.14,2.00,2.71,2.29,2.29,3.29,1.86,3.00,1.29,2.57,2.57,1.57,3.29
1,-3.00,2.00,1.50,2.00,1.00,1.00,1.00,1.00,2.00,1.00,1.00,2.00,2.00,2.00,2.00,1.00,1.00,1.00,2.00,1.00,1.00,2.00,2.00,1.00,2.00,1.00,2.00,2.00,2.00,1.00
1,-10.00,2.00,5.00,6.67,1.67,4.67,7.00,3.33,4.00,6.00,2.67,8.33,3.67,5.33,9.00,6.33,1.00,8.00,7.33,5.67,2.67,7.33,3.00,4.67,7.67,2.33,3.67,5.33,4.33,6.33
1,-5.00,1.00,2.50,2.50,2.50,3.50,1.00,2.50,2.00,3.00,2.00,2.50,3.50,1.00,2.00,1.00,3.00,4.00,2.00,2.00,3.00,3.00,4.00,4.00,3.00,2.00,4.00,1.50,3.00,1.50
1,-5.00,3.00,2.50,3.33,2.08,1.33,3.00,1.67,1.00,4.00,1.83,2.92,3.83,2.17,3.50,2.17,1.50,2.00,2.67,1.83,2.33,3.17,2.00,2.83,1.08,3.92,2.83,3.67,3.17,1.17
1,-5.00,4.00,2.50,2.00,4.00,2.00,3.00,3.00,3.00,2.00,2.00,1.00,4.00,3.00,3.00,1.00,2.00,1.00,3.00,4.00,2.00,3.00,2.00,2.00,4.00,1.00,4.00,3.00,1.00,1.00
2,-10.00,4.00,5.00,3.33,8.33,7.33,9.00,6.67,8.00,2.00,1.33,1.67,2.33,5.67,3.00,5.67,7.00,6.00,4.67,6.33,5.33,8.67,1.00,4.33,2.83,7.17,4.33,2.67,3.67,7.67
1,-5.00,1.00,2.50,3.33,3.33,3.33,3.50,1.67,2.00,3.00,3.33,1.67,3.33,1.67,2.00,1.67,3.00,4.00,1.67,3.33,3.33,1.67,1.50,3.33,2.33,2.67,3.33,1.67,1.67,1.67
1,-5.00,1.00,2.50,2.71,2.71,1.83,1.00,2.29,2.00,3.00,1.58,2.29,3.71,2.67,2.00,3.29,3.00,4.00,3.67,1.58,1.33,3.42,4.00,2.33,1.96,3.04,1.71,3.17,3.42,1.29
1,-5.00,1.00,2.50,1.67,1.67,1.00,2.67,3.33,2.00,3.00,2.00,3.33,2.67,2.67,3.67,2.67,1.33,4.00,2.00,3.67,3.00,3.00,2.33,2.33,3.00,2.00,2.33,4.00,1.33,2.33
1,-6.00,3.00,3.00,4.00,2.50,4.00,3.00,2.00,1.50,4.50,4.00,3.50,1.00,2.00,3.00,5.00,3.00,3.00,2.00,4.00,4.00,2.00,3.00,4.00,1.00,5.00,1.00,2.00,2.00,5.00
1,-8.05,4.10,4.02,5.37,5.00,2.15,3.00,2.68,6.00,2.05,4.05,3.05,6.17,6.05,5.63,3.49,2.41,3.95,4.29,2.95,3.76,4.00,5.05,2.00,7.05,1.00,4.56,5.90,5.10,1.88
1,-15.00,6.00,7.50,10.00,10.00,8.50,6.00,5.00,12.00,3.00,7.00,5.00,1.00,11.00,12.00,11.00,3.00,9.00,2.00,7.00,13.00,8.00,9.00,4.00,5.50,9.50,4.00,6.50,8.00,14.00
1,-6.67,2.33,3.33,4.44,1.11,5.11,5.67,2.22,4.67,2.00,2.44,5.56,3.44,4.56,3.00,4.56,3.67,4.33,3.56,4.11,3.11,4.22,1.00,2.11,3.11,3.56,2.11,1.56,2.56,3.22
1,-3.00,1.00,1.50,2.00,2.00,2.00,2.00,1.00,2.00,1.00,1.00,1.00,2.00,2.00,2.00,1.00,1.00,2.00,1.00,1.00,2.00,2.00,1.00,1.00,2.00,1.00,2.00,1.00,2.00,1.00
1,-6.00,3.00,3.00,4.00,4.00,4.00,1.50,2.00,3.00,3.00,1.00,2.00,1.00,3.50,3.00,3.50,3.00,3.00,2.00,4.00,4.00,5.00,4.50,2.50,2.50,3.50,2.50,2.00,2.00,5.00
1,-6.00,2.40,3.00,4.00,1.00,4.00,3.00,2.00,4.80,1.20,4.00,5.00,1.00,2.00,3.00,5.00,3.00,3.60,2.00,2.20,4.00,2.00,3.00,4.00,1.00,5.00,1.00,2.00,3.80,5.00
1,-6.00,3.60,3.00,2.00,5.00,2.00,3.00,4.00,1.20,4.80,2.00,1.00,5.00,4.00,3.00,1.00,3.00,2.40,4.00,5.00,2.00,4.00,3.00,2.00,3.80,2.20,5.00,4.00,1.00,1.00
1,-15.00,9.00,7.50,5.00,5.00,6.50,9.00,10.00,3.00,12.00,8.00,10.00,14.00,4.00,3.00,4.00,12.00,6.00,13.00,8.00,2.00,7.00,6.00,11.00,9.50,5.50,11.00,8.50,7.00,1.00
1,-5.45,4.36,2.73,2.27,2.95,1.86,3.00,3.18,3.27,2.18,1.80,2.50,1.86,3.45,3.27,1.41,2.18,1.09,3.73,4.18,1.73,3.66,2.45,2.00,4.45,1.00,4.05,3.59,1.27,3.59
1,-7.50,2.63,3.75,2.50,2.50,3.25,4.50,5.00,5.25,2.25,4.00,5.00,3.25,2.00,5.25,5.75,2.25,4.88,2.75,4.00,4.75,3.50,3.00,5.50,1.00,6.50,1.75,4.25,3.50,4.25
1,-10.00,6.00,5.00,3.33,5.00,6.00,1.00,6.67,2.00,8.00,4.50,5.00,3.50,6.00,7.00,6.00,3.00,4.00,7.00,7.00,3.00,5.50,9.00,4.00,5.50,4.50,4.00,4.00,3.00,6.50
1,-5.00,3.00,2.50,2.50,2.50,3.00,3.00,2.50,1.00,4.00,1.00,2.50,3.00,3.00,1.00,3.00,4.00,2.00,1.00,3.50,4.00,4.00,2.00,2.00,4.00,1.00,2.00,2.00,1.50,2.00
2,-10.00,8.00,5.00,6.67,5.00,8.00,3.00,3.33,6.00,4.00,6.00,5.00,3.00,8.00,1.00,3.00,9.00,2.00,6.00,1.00,4.00,4.00,7.00,2.00,5.67,4.33,7.00,2.00,9.00,7.00
4,-15.00,6.00,7.50,10.00,10.00,8.50,6.00,5.00,12.00,3.00,7.00,5.00,1.00,11.00,12.00,11.00,3.00,9.00,2.00,7.00,13.00,8.00,9.00,4.00,13.00,2.00,4.00,6.50,8.00,14.00
1,-6.00,2.40,3.00,4.00,2.20,4.00,3.00,2.00,4.80,1.20,4.00,3.80,1.00,2.00,3.00,5.00,3.00,3.60,2.00,1.00,4.00,2.00,3.00,4.00,3.40,2.60,1.00,2.00,5.00,5.00
1,-7.50,4.50,3.75,5.00,5.00,2.00,4.50,2.50,1.50,6.00,2.75,2.50,5.75,3.25,1.50,3.25,6.00,3.00,4.00,6.50,3.50,4.75,3.00,4.25,3.50,4.00,4.25,5.50,1.00,1.75
1,-10.00,3.00,5.00,5.00,5.00,8.00,3.00,5.00,6.00,4.00,6.00,5.00,3.00,8.00,3.50,3.00,6.50,7.00,6.00,6.00,4.00,4.00,7.00,2.00,9.00,1.00,7.00,2.00,4.00,7.00
1,-6.32,5.05,3.16,2.63,5.00,2.95,2.68,3.68,3.79,2.53,1.68,1.32,5.32,4.00,3.00,1.63,3.32,1.26,4.32,4.84,2.00,4.63,3.63,2.32,3.58,2.74,4.68,3.37,1.47,1.00
1,-6.00,2.00,3.00,2.00,3.00,2.00,3.00,4.00,2.00,4.00,2.00,3.00,5.00,2.00,3.00,3.00,3.00,4.00,4.00,5.00,2.00,4.00,3.00,4.00,1.00,5.00,3.00,4.00,1.00,1.00
1,-15.00,10.50,7.50,5.00,5.00,8.00,3.00,10.00,6.00,9.00,11.00,10.00,8.00,13.00,6.00,5.50,9.00,4.50,8.50,11.00,6.50,4.00,12.00,2.00,14.00,1.00,9.50,7.00,4.00,7.00
2,-7.50,4.00,3.75,2.50,6.25,4.00,5.25,5.00,3.00,4.50,5.50,1.25,2.75,6.50,1.75,2.75,5.75,3.50,3.00,1.75,4.50,2.00,2.25,1.00,3.25,4.25,4.75,3.50,5.75,4.75
1,-5.00,3.00,2.50,1.67,3.33,3.00,3.00,3.33,1.00,4.00,2.67,1.67,2.17,1.33,3.50,3.83,1.50,2.00,3.50,1.00,1.50,2.33,2.00,3.67,2.33,2.67,1.17,2.00,4.00,2.83
1,-7.50,6.00,3.75,2.50,6.25,1.00,2.25,5.00,4.50,3.00,3.25,1.25,4.75,3.50,4.50,3.50,3.00,1.50,2.00,3.25,5.50,4.25,5.25,4.00,5.50,2.00,4.00,6.50,4.25,2.75
1,-5.00,1.00,2.50,3.33,2.83,3.33,3.50,1.67,2.00,3.00,3.33,2.17,3.33,1.67,3.50,3.17,1.50,4.00,1.67,3.33,3.33,1.67,1.50,3.33,3.33,1.67,1.83,1.67,1.67,1.67
1,-6.00,3.60,3.00,2.00,5.00,3.60,2.60,4.00,1.20,4.80,3.20,1.00,2.60,3.60,4.20,4.60,1.80,2.40,1.20,2.20,4.80,2.80,3.40,2.40,3.80,2.20,1.40,2.40,3.80,3.40
1,-7.50,4.50,3.75,2.50,2.50,2.00,4.50,5.00,1.50,6.00,4.00,5.00,5.75,2.00,1.50,2.00,6.00,3.00,4.00,4.00,3.50,3.50,3.00,5.50,1.00,6.50,5.50,5.50,3.50,1.75
1,-6.00,3.00,3.00,4.00,4.00,4.00,3.00,2.00,1.50,4.50,4.00,2.00,2.50,3.50,3.00,5.00,3.00,3.00,2.00,4.00,4.00,2.00,3.00,2.50,4.00,2.00,1.00,2.00,2.00,3.50
1,-5.00,2.33,2.50,3.33,2.50,4.00,4.00,1.67,3.00,2.00,3.00,2.50,2.33,4.00,1.33,1.50,3.67,2.67,3.00,3.00,2.00,2.00,1.00,1.00,2.00,3.00,3.50,1.00,2.00,2.67
1,-6.00,1.20,3.00,4.00,2.20,4.00,3.00,2.00,2.40,3.60,4.00,3.80,1.00,2.00,3.00,5.00,3.00,4.80,2.00,1.00,4.00,2.00,3.00,4.00,2.20,3.80,1.00,2.00,5.00,5.00
1,-5.00,3.00,2.50,2.50,2.50,3.00,3.00,2.50,1.00,4.00,3.50,2.50,3.00,3.00,3.50,3.00,1.50,2.00,3.50,1.00,1.50,1.50,2.00,2.00,4.00,1.00,2.00,2.00,4.00,2.00
1,-6.67,2.00,3.33,3.33,5.00,2.00,3.67,3.33,4.00,2.67,4.00,1.67,3.67,2.00,2.33,3.67,4.33,4.67,4.00,2.33,2.67,2.67,3.00,4.67,1.00,5.67,3.00,4.67,4.33,3.00
1,-7.50,3.00,3.75,2.50,2.50,5.50,3.00,5.00,6.00,1.50,4.75,5.00,1.75,2.38,4.13,4.25,3.38,4.50,3.50,1.00,4.00,2.75,4.50,5.13,4.00,3.50,3.25,2.00,6.50,5.75
1,-6.00,1.50,3.00,2.00,5.00,2.00,3.00,4.00,3.00,3.00,2.00,1.00,5.00,4.00,3.00,2.50,3.00,4.50,4.00,2.00,2.00,4.00,3.00,2.00,2.00,4.00,3.50,4.00,4.00,1.00
1,-4.00,2.00,2.00,1.33,1.33,1.33,1.00,2.67,1.00,3.00,1.33,2.67,1.33,2.67,3.00,2.67,1.00,2.00,1.67,2.33,2.33,2.67,3.00,1.33,2.33,1.67,1.33,2.67,1.67,2.67
1,-5.00,2.33,2.50,1.67,1.67,4.00,3.17,3.33,1.33,3.67,1.33,3.33,1.50,2.33,3.83,3.17,1.17,2.67,3.00,2.17,2.00,3.67,1.83,2.67,2.83,2.17,1.83,1.00,2.83,3.50
1,-6.00,3.00,3.00,2.00,2.00,2.00,3.00,4.00,3.00,3.00,2.00,4.00,2.00,4.00,3.00,4.00,3.00,3.00,1.00,5.00,5.00,4.00,3.00,2.00,2.00,4.00,2.00,4.00,1.00,4.00
1,-5.00,3.00,2.50,3.33,3.33,3.00,3.00,1.67,1.00,4.00,2.67,1.67,3.00,3.00,1.00,1.33,4.00,2.00,2.67,2.67,2.33,2.33,2.00,2.00,4.00,1.00,3.67,2.00,2.33,2.00
1,-6.00,4.00,3.00,4.00,3.00,4.00,3.00,2.00,2.00,4.00,4.00,3.00,3.00,4.00,1.00,3.00,5.00,2.00,2.00,1.00,4.00,2.00,3.00,2.00,5.00,1.00,3.00,2.00,5.00,3.00
1,-5.00,3.00,2.50,3.33,1.67,2.17,3.00,1.67,1.00,4.00,2.67,3.33,2.17,1.33,1.00,3.83,4.00,2.00,1.83,2.67,3.17,2.33,2.00,3.67,3.17,1.83,1.17,2.83,2.33,2.83
1,-10.00,8.00,5.00,5.56,7.22,6.89,3.00,4.44,6.00,4.00,4.89,2.78,5.22,2.44,1.00,4.11,9.00,2.00,3.78,6.56,6.22,5.11,7.00,7.56,6.22,3.78,5.89,3.11,3.44,4.78
1,-5.00,1.00,2.50,1.67,1.67,1.83,1.00,3.33,2.00,3.00,2.00,3.33,1.83,2.67,2.00,2.67,3.00,4.00,3.67,2.83,1.33,3.00,4.00,2.33,1.33,3.67,2.33,3.17,2.17,3.17
2,-10.00,6.00,5.00,6.67,5.00,6.00,4.33,3.33,2.00,8.00,2.00,5.00,1.00,6.00,7.00,1.00,3.00,4.00,2.00,7.00,8.00,8.00,5.67,4.00,3.00,7.00,9.00,4.00,3.00,9.00
1,-5.00,4.00,2.50,3.33,3.33,3.33,4.00,1.67,3.00,2.00,3.33,1.67,2.33,1.67,3.00,1.67,2.00,1.00,1.67,3.33,3.33,1.67,1.00,3.33,3.33,1.67,3.33,1.67,1.67,2.67
1,-5.00,1.00,2.50,3.33,2.71,1.83,3.50,1.67,2.00,3.00,1.58,2.29,1.83,2.67,2.00,3.29,3.00,4.00,3.67,2.83,1.33,3.42,1.50,2.33,3.83,1.17,1.71,3.17,2.17,3.17
2,-15.00,9.00,7.50,10.00,10.00,4.00,9.00,5.00,3.00,12.00,13.00,5.00,11.50,14.00,10.50,6.50,4.50,6.00,8.00,5.50,7.00,2.00,6.00,1.00,7.00,8.00,8.50,11.00,9.50,3.50
1,-5.00,2.33,2.50,3.33,3.33,4.00,4.00,1.67,3.00,2.00,3.00,1.67,2.33,4.00,1.33,2.33,3.67,2.67,3.00,3.00,2.00,2.00,1.00,1.00,2.00,3.00,2.67,1.00,2.00,2.67
3,-15.00,9.00,7.50,10.00,10.00,4.00,9.00,5.00,3.00,12.00,13.00,5.00,4.00,14.00,3.00,6.50,12.00,6.00,8.00,13.00,7.00,2.00,6.00,1.00,7.00,8.00,8.50,11.00,2.00,11.00
1,-6.00,3.75,3.00,2.00,4.25,2.00,3.00,4.00,1.50,4.50,2.00,1.75,2.00,4.00,3.00,1.00,3.00,2.25,4.00,5.00,2.00,4.00,3.00,2.00,2.75,3.25,5.00,4.00,1.00,4.00
1,-6.00,4.32,3.00,4.00,1.00,4.72,4.92,2.00,3.84,2.16,3.04,5.00,4.12,3.92,3.24,4.52,2.76,1.68,3.44,3.64,2.56,2.96,1.08,2.08,1.96,4.04,1.48,1.28,2.36,1.88
1,-7.50,1.50,3.75,2.50,6.25,4.00,5.25,5.00,3.00,4.50,5.50,1.25,5.88,6.50,4.88,2.75,2.63,6.00,4.25,1.75,3.25,2.00,2.25,1.00,3.25,4.25,4.75,3.50,5.75,1.63
1,-6.00,2.40,3.00,2.00,5.00,4.40,2.40,4.00,4.80,1.20,3.80,1.00,1.40,3.40,1.80,3.40,4.20,3.60,2.80,3.80,3.20,2.20,3.60,2.60,1.70,4.30,2.60,1.60,2.20,4.60
1,-10.00,2.00,5.00,6.67,1.67,3.67,7.00,3.33,4.00,6.00,5.67,8.33,3.67,5.33,9.00,5.33,1.00,8.00,7.33,5.67,2.67,4.33,3.00,4.67,7.67,2.33,4.67,6.33,4.33,6.33
1,-4.29,3.14,2.14,2.86,2.14,3.14,1.00,1.43,2.00,2.29,2.00,2.14,1.00,1.71,2.71,1.00,1.57,1.14,2.00,2.71,2.29,2.29,3.29,2.57,3.00,1.29,3.29,1.14,1.57,3.29
1,-6.00,3.60,3.00,2.00,5.00,3.60,2.60,4.00,1.20,4.80,3.20,1.00,2.60,3.60,2.20,4.60,3.80,2.40,1.20,2.20,4.80,2.80,3.40,2.40,3.80,2.20,1.40,2.40,3.80,3.40
1,-6.00,3.60,3.00,2.00,5.00,3.60,2.60,4.00,1.20,4.80,1.20,1.00,4.60,3.60,2.20,2.60,3.80,2.40,3.20,4.20,2.80,4.80,3.40,2.40,3.80,2.20,3.40,2.40,1.80,1.40
1,-6.00,3.60,3.00,2.00,5.00,3.60,3.60,4.00,1.20,4.80,1.20,1.00,3.60,3.60,2.20,2.60,3.80,2.40,3.20,4.20,2.80,4.80,2.40,2.40,4.80,1.20,3.40,2.40,1.80,2.40
1,-10.00,4.00,5.00,3.33,4.33,3.33,9.00,6.67,8.00,2.00,3.33,5.67,3.33,6.67,3.00,5.67,7.00,6.00,6.67,3.33,3.33,6.67,1.00,3.33,3.33,6.67,4.33,6.67,6.67,6.67
1,-6.00,4.00,3.00,2.00,5.00,2.00,3.00,4.00,4.00,2.00,2.00,1.00,5.00,4.00,3.00,1.00,3.00,2.00,4.00,5.00,2.00,4.00,3.00,2.00,3.00,3.00,5.00,4.00,1.00,1.00
1,-6.67,4.00,3.33,3.33,1.67,2.33,4.00,3.33,1.33,5.33,3.00,5.00,5.67,4.00,3.00,2.33,3.67,2.67,4.67,3.00,2.00,3.67,2.67,2.67,5.33,1.33,4.33,4.33,3.67,1.00
1,-10.00,2.00,5.00,6.67,6.67,5.33,7.00,3.33,4.00,6.00,7.33,3.33,3.67,5.33,9.00,3.67,1.00,8.00,7.33,5.67,2.67,2.67,3.00,4.67,4.33,5.67,6.33,4.67,4.33,6.33
1,-6.00,3.00,3.00,4.00,1.00,4.00,3.00,2.00,3.00,3.00,4.00,5.00,4.00,2.00,3.00,5.00,3.00,3.00,2.00,4.00,4.00,2.00,3.00,4.00,1.00,5.00,1.00,2.00,2.00,2.00
1,-5.00,3.00,2.50,2.50,3.75,3.00,3.00,2.50,3.50,1.50,1.00,1.25,1.75,3.00,2.25,3.00,2.75,2.00,3.50,3.50,1.50,4.00,2.00,2.00,4.00,1.00,2.00,2.00,1.50,3.25
1,-6.00,2.40,3.00,4.00,1.00,2.40,2.40,2.00,4.80,1.20,2.80,5.00,2.40,2.40,1.80,2.40,4.20,3.60,1.80,4.80,4.20,3.20,3.60,3.60,2.20,3.80,3.60,3.60,1.20,3.60
1,-6.00,4.50,3.00,4.00,1.00,2.50,1.50,2.00,3.00,3.00,2.50,5.00,1.00,2.00,3.00,3.50,3.00,1.50,2.00,2.50,4.00,3.50,4.50,4.00,4.00,2.00,2.50,3.50,3.50,5.00
1,-5.00,1.00,2.50,3.33,2.50,1.00,3.50,1.67,2.00,3.00,2.00,2.50,3.50,1.00,2.00,1.83,3.00,4.00,2.00,2.00,3.00,3.00,1.50,4.00,3.00,2.00,3.17,4.00,3.00,1.50
2,-15.00,6.00,7.50,5.00,5.00,11.00,6.00,10.00,4.50,10.50,2.00,10.00,11.00,8.50,12.00,1.00,3.00,9.00,7.00,9.50,8.00,13.00,9.00,6.50,8.00,7.00,14.00,4.00,5.50,4.00
1,-5.00,4.00,2.50,3.33,3.33,4.00,4.00,1.67,3.00,2.00,3.00,1.67,4.00,4.00,3.00,4.00,2.00,1.00,3.00,3.00,2.00,2.00,1.00,1.00,2.00,3.00,1.00,1.00,2.00,1.00
1,-7.50,1.50,3.75,5.00,5.00,6.50,1.50,2.50,3.00,4.50,4.25,2.50,2.75,4.00,3.00,4.00,4.50,6.00,5.50,4.25,2.00,3.25,6.00,3.50,5.75,1.75,3.50,1.00,3.25,4.75
1,-10.00,4.00,5.00,3.33,3.33,7.33,9.00,6.67,8.00,2.00,4.67,6.67,4.00,7.33,3.00,5.67,7.00,6.00,4.67,6.33,5.33,5.33,1.00,2.67,3.67,6.33,4.33,2.67,3.67,6.00
2,-7.50,2.25,3.75,5.00,5.00,3.50,6.00,2.50,4.50,3.00,2.00,2.50,3.50,1.00,4.50,1.00,3.00,5.25,3.25,2.00,4.25,5.50,1.50,6.50,4.25,3.25,6.50,4.00,5.50,4.00
1,-10.00,2.00,5.00,3.33,5.00,2.00,7.00,6.67,4.00,6.00,4.00,5.00,7.00,2.00,4.00,7.00,6.00,8.00,4.00,7.33,6.00,6.00,3.00,8.00,1.00,9.00,3.00,8.00,2.67,3.00
1,-7.50,6.00,3.75,3.13,5.00,3.50,4.13,4.38,4.50,3.00,2.00,2.50,3.50,4.75,4.50,1.00,3.00,1.50,5.13,5.75,2.38,5.50,3.38,2.75,6.13,1.38,6.50,4.00,1.75,4.00
1,-6.00,2.00,3.00,4.00,3.00,4.00,5.00,2.00,4.00,2.00,4.00,3.00,5.00,4.00,3.00,5.00,3.00,4.00,4.00,3.00,2.00,2.00,1.00,2.00,3.00,3.00,1.00,2.00,3.00,1.00
1,-7.50,1.50,3.75,2.50,2.50,4.00,1.50,5.00,3.00,4.50,5.50,5.00,4.00,2.75,3.00,6.50,4.50,6.00,4.25,5.50,3.25,2.00,6.00,4.75,5.13,2.38,1.00,3.50,2.00,3.50
1,-6.00,3.60,3.00,2.00,5.00,2.17,1.46,4.00,2.91,3.09,3.20,1.00,3.46,2.46,4.20,4.60,1.80,2.40,4.34,1.91,1.66,2.80,4.54,3.54,2.94,3.06,1.40,3.83,4.09,2.54
1,-5.00,4.00,2.50,3.33,3.33,4.00,4.00,1.67,3.00,2.00,3.00,1.67,4.00,4.00,3.00,2.33,2.00,1.00,3.00,3.00,2.00,2.00,1.00,1.00,2.00,3.00,2.67,1.00,2.00,1.00
1,-6.00,3.00,3.00,2.00,5.00,5.00,3.00,4.00,3.00,3.00,2.00,1.00,2.00,4.00,3.00,4.00,3.00,3.00,4.00,3.50,2.00,4.00,3.00,2.00,5.00,1.00,2.00,1.00,2.50,4.00
5,-10.00,6.00,5.00,3.33,5.00,6.00,1.00,6.67,2.00,8.00,2.00,5.00,1.00,6.00,7.00,1.00,3.00,4.00,2.00,7.00,8.00,8.00,9.00,4.00,3.00,7.00,9.00,4.00,3.00,9.00
1,-6.00,3.00,3.00,2.00,5.00,2.00,3.00,4.00,3.00,3.00,2.00,1.00,5.00,4.00,3.00,4.00,3.00,3.00,4.00,5.00,2.00,4.00,3.00,2.00,5.00,1.00,2.00,4.00,1.00,1.00
1,-10.00,8.00,5.00,5.00,5.00,8.00,3.00,5.00,6.00,4.00,6.00,5.00,3.00,8.00,1.00,3.00,9.00,2.00,6.00,1.00,4.00,4.00,7.00,2.00,4.00,6.00,7.00,2.00,9.00,7.00
1,-6.00,3.20,3.00,4.00,1.00,3.87,4.20,2.00,2.40,3.60,1.07,5.00,2.20,3.20,2.07,2.87,3.93,2.80,1.73,3.40,4.27,4.93,1.80,2.80,4.60,1.40,3.13,2.13,2.60,3.80
1,-6.00,3.60,3.00,4.00,1.00,3.60,3.60,2.00,1.20,4.80,1.20,5.00,3.60,3.60,2.20,3.60,3.80,2.40,1.20,1.20,4.80,4.80,2.40,2.40,4.80,1.20,2.40,2.40,4.80,2.40
1,-10.00,2.00,5.00,3.33,5.00,2.00,7.00,6.67,4.00,6.00,4.00,5.00,7.00,2.00,9.00,7.00,1.00,8.00,4.00,9.00,6.00,6.00,3.00,8.00,4.33,5.67,3.00,8.00,1.00,3.00
1,-5.00,3.00,2.50,3.33,1.83,3.33,3.00,1.67,1.00,4.00,3.33,3.17,3.33,1.67,3.50,1.67,1.50,2.00,1.67,2.83,3.33,1.67,2.00,3.33,3.33,1.67,3.33,1.67,2.17,1.67
2,-10.00,4.00,5.00,3.33,3.33,7.33,9.00,6.67,8.00,2.00,6.33,6.67,2.33,5.67,3.00,5.67,7.00,6.00,4.67,6.33,5.33,3.67,1.00,4.33,5.33,4.67,4.33,2.67,3.67,7.67
1,-5.00,4.00,2.50,1.67,1.67,2.67,4.00,3.33,3.00,2.00,1.67,3.33,1.67,3.33,3.00,3.33,2.00,1.00,3.33,1.67,1.67,3.33,1.00,1.67,1.67,3.33,1.67,2.33,3.33,3.33
1,-7.50,4.50,3.75,2.50,6.25,4.50,4.50,5.00,1.50,6.00,4.00,1.25,3.25,2.00,5.25,5.75,2.25,3.00,6.50,1.50,1.00,3.50,3.00,5.50,4.75,2.75,1.75,3.00,6.00,4.25
1,-6.00,3.60,3.00,4.00,1.00,4.60,3.60,2.00,1.20,4.80,2.20,5.00,4.60,2.60,1.20,2.60,4.80,2.40,3.20,2.20,2.80,3.80,2.40,3.40,2.80,3.20,3.40,1.40,3.80,1.40
1,-6.00,1.20,3.00,4.00,1.00,2.20,4.20,2.00,2.40,3.60,2.40,5.00,2.20,3.20,2.40,1.20,3.60,4.80,4.40,3.40,1.60,3.60,1.80,2.80,4.60,1.40,4.80,3.80,2.60,3.80
10,-15.00,6.00,7.50,10.00,10.00,1.00,6.00,5.00,12.00,3.00,7.00,5.00,1.00,11.00,12.00,11.00,3.00,9.00,2.00,7.00,13.00,8.00,9.00,4.00,13.00,2.00,4.00,14.00,8.00,14.00
1,-5.00,4.00,2.50,3.33,2.50,2.33,3.17,1.67,3.00,2.00,1.33,2.50,1.50,2.33,2.17,1.50,2.83,1.00,1.33,3.83,3.67,3.67,1.83,2.67,2.83,2.17,3.50,2.67,1.17,3.50
1,-3.00,2.00,1.50,1.00,2.00,2.00,1.00,2.00,2.00,1.00,1.00,1.00,2.00,2.00,1.00,1.00,2.00,1.00,2.00,1.00,1.00,2.00,2.00,1.00,1.00,2.00,2.00,1.00,2.00,1.00
1,-7.50,1.50,3.75,5.00,5.00,2.75,3.38,2.50,3.00,4.50,2.38,2.50,6.50,4.00,3.00,4.00,4.50,6.00,5.50,6.13,2.00,5.13,4.13,3.50,2.00,5.50,3.50,4.75,1.38,1.00
1,-6.00,4.00,3.00,4.00,3.00,4.00,3.00,2.00,4.00,2.00,4.00,3.00,1.00,4.00,3.00,3.00,3.00,2.00,2.00,1.00,4.00,2.00,3.00,2.00,5.00,1.00,3.00,2.00,5.00,5.00
1,-7.50,1.50,3.75,2.50,2.50,4.00,5.25,5.00,3.00,4.50,5.50,5.00,4.00,6.50,3.00,6.50,4.50,6.00,4.25,5.50,3.25,2.00,2.25,1.00,3.25,4.25,1.00,3.50,2.00,3.50
1,-5.00,4.00,2.50,3.33,3.33,3.33,3.00,1.67,3.00,2.00,2.33,1.67,2.33,1.67,3.00,3.67,2.00,1.00,1.67,1.33,3.33,2.67,2.00,3.33,2.33,2.67,1.33,1.67,3.67,2.67
1,-6.00,4.80,3.00,4.00,2.20,4.00,3.00,2.00,3.60,2.40,4.00,3.80,1.00,2.00,3.00,5.00,3.00,1.20,2.00,1.00,4.00,2.00,3.00,4.00,2.20,3.80,1.00,2.00,5.00,5.00
1,-7.50,5.25,3.75,5.00,5.00,6.50,1.50,2.50,3.00,4.50,4.25,2.50,6.50,4.00,3.00,4.00,4.50,2.25,5.50,4.25,2.00,3.25,6.00,3.50,2.00,5.50,3.50,1.00,3.25,1.00
1,-6.00,4.80,3.00,4.00,3.40,4.00,3.00,2.00,3.60,2.40,4.00,2.60,2.20,2.00,3.00,5.00,3.00,1.20,2.00,1.00,4.00,2.00,3.00,4.00,1.00,5.00,1.00,2.00,5.00,3.80
1,-6.00,3.60,3.00,2.00,5.00,2.60,3.60,4.00,1.20,4.80,3.20,1.00,4.10,3.10,1.20,3.10,4.80,2.40,2.20,1.70,3.80,2.80,2.40,2.90,3.80,2.20,2.90,3.40,4.30,1.90
1,-10.00,3.00,5.00,5.00,5.00,8.00,3.00,5.00,6.00,4.00,6.00,5.00,3.00,3.00,6.00,8.00,4.00,7.00,6.00,1.00,4.00,4.00,7.00,7.00,4.00,6.00,2.00,2.00,9.00,7.00
1,-7.50,6.00,3.75,2.50,2.50,3.50,6.00,5.00,4.50,3.00,5.75,5.00,1.00,3.50,4.50,3.50,3.00,1.50,2.00,2.00,5.50,1.75,1.50,4.00,5.50,2.00,4.00,4.00,5.50,6.50
1,-10.00,6.00,5.00,6.67,5.00,6.00,6.00,3.33,2.00,8.00,2.00,5.00,4.33,6.00,7.00,1.00,3.00,4.00,2.00,7.00,8.00,8.00,4.00,4.00,3.00,7.00,9.00,4.00,3.00,5.67
1,-6.00,1.20,3.00,2.00,5.00,2.34,2.49,4.00,2.40,3.60,2.69,1.00,4.49,3.49,3.69,1.34,2.31,4.80,3.83,4.83,2.17,3.31,3.51,2.51,4.31,1.69,4.66,3.66,1.17,1.51
1,-6.00,3.00,3.00,2.00,2.00,2.00,3.00,4.00,4.00,2.00,2.00,4.00,5.00,2.00,3.00,1.00,3.00,3.00,4.00,3.00,2.00,4.00,3.00,4.00,4.00,2.00,5.00,4.00,3.00,1.00
1,-3.00,1.00,1.50,2.00,1.00,1.00,1.00,1.00,2.00,1.00,2.00,2.00,2.00,1.00,1.00,2.00,2.00,2.00,1.00,2.00,2.00,1.00,2.00,2.00,1.00,2.00,1.00,2.00,1.00,1.00
1,-15.00,6.00,7.50,10.00,10.00,1.00,6.00,5.00,12.00,3.00,7.00,5.00,8.50,11.00,4.50,3.50,10.50,9.00,2.00,7.00,13.00,8.00,9.00,4.00,5.50,9.50,11.50,14.00,8.00,6.50
1,-10.00,6.00,5.00,5.00,5.00,6.00,1.00,5.00,2.00,8.00,2.00,5.00,1.00,6.00,7.00,6.00,3.00,4.00,2.00,7.00,8.00,8.00,9.00,4.00,3.00,7.00,4.00,4.00,3.00,9.00
1,-10.00,8.00,5.00,6.67,5.00,4.67,3.00,3.33,6.00,4.00,6.00,5.00,3.00,8.00,6.00,3.00,4.00,2.00,6.00,2.67,4.00,4.00,7.00,2.00,9.00,1.00,7.00,5.33,7.33,7.00
1,-5.00,2.00,2.50,1.67,1.67,2.00,2.83,3.33,4.00,1.00,2.33,3.33,2.83,2.00,1.50,1.17,3.50,3.00,3.17,1.50,1.83,2.67,2.17,3.00,2.67,2.33,3.83,3.00,3.50,2.17
1,-10.00,2.00,5.00,6.67,6.67,3.67,7.00,3.33,4.00,6.00,5.67,3.33,3.67,5.33,9.00,5.33,1.00,8.00,2.33,5.67,7.67,4.33,3.00,4.67,7.67,2.33,4.67,6.33,4.33,6.33
4,-15.00,12.00,7.50,10.00,2.50,7.00,4.50,5.00,9.00,6.00,4.00,12.50,7.00,2.00,1.50,9.50,13.50,3.00,14.00,11.50,1.00,11.00,10.50,13.00,8.50,6.50,5.50,8.00,3.50,8.00
1,-7.50,3.86,3.75,3.57,1.96,1.00,2.25,3.93,4.50,3.00,3.79,5.54,4.75,3.50,1.82,1.89,5.68,3.64,2.00,3.25,5.50,3.71,5.25,4.00,1.75,5.75,5.61,6.50,4.25,2.75
1,-6.00,3.00,3.00,2.00,2.00,2.00,1.50,4.00,3.00,3.00,5.00,4.00,3.50,3.00,4.50,2.50,1.50,3.00,4.00,3.50,2.00,1.00,4.50,3.00,1.50,4.50,3.50,4.00,2.50,2.50
5,-10.00,4.00,5.00,3.33,5.00,4.00,9.00,6.67,8.00,2.00,8.00,5.00,9.00,4.00,3.00,9.00,7.00,6.00,8.00,3.00,2.00,2.00,1.00,6.00,7.00,3.00,1.00,6.00,7.00,1.00
1,-6.00,2.00,3.00,2.00,5.00,2.00,3.00,4.00,4.00,2.00,4.00,1.00,3.00,2.00,5.00,3.00,1.00,4.00,4.00,5.00,2.00,2.00,3.00,4.00,1.00,5.00,3.00,4.00,1.00,3.00
3,-10.00,6.00,5.00,5.00,5.00,6.00,6.00,5.00,2.00,8.00,2.00,5.00,1.00,6.00,7.00,1.00,3.00,4.00,2.00,7.00,8.00,8.00,4.00,4.00,3.00,7.00,9.00,4.00,3.00,9.00
4,-10.00,2.00,5.00,3.33,5.00,2.00,7.00,6.67,4.00,6.00,4.00,5.00,7.00,2.00,9.00,7.00,1.00,8.00,4.00,9.00,6.00,6.00,3.00,8.00,1.00,9.00,3.00,8.00,1.00,3.00
1,-6.00,3.00,3.00,2.00,5.00,2.00,1.00,4.00,2.00,4.00,2.00,1.00,2.00,2.00,3.00,4.00,3.00,3.00,4.00,2.00,2.00,4.00,5.00,4.00,3.00,3.00,2.00,4.00,4.00,4.00
1,-5.00,3.00,2.50,2.50,2.50,3.00,3.00,2.50,1.00,4.00,1.00,2.50,3.00,3.00,1.00,3.00,4.00,2.00,1.00,1.00,4.00,4.00,2.00,2.00,1.50,3.50,2.00,2.00,4.00,2.00
3,-15.00,3.00,7.50,5.00,12.50,8.00,10.50,10.00,6.00,9.00,11.00,2.50,8.00,13.00,6.00,5.50,9.00,12.00,1.00,3.50,14.00,4.00,4.50,2.00,6.50,8.50,9.50,7.00,11.50,7.00
2,-6.00,1.20,3.00,2.00,5.00,2.00,3.00,4.00,2.40,3.60,2.00,1.00,5.00,4.00,3.00,1.00,3.00,4.80,4.00,5.00,2.00,4.00,3.00,2.00,5.00,1.00,5.00,4.00,1.00,1.00
1,-10.00,4.67,5.00,3.33,5.00,8.00,3.00,6.67,6.00,4.00,6.00,5.00,3.00,8.00,7.67,3.00,2.33,5.33,6.00,1.00,4.00,4.00,7.00,2.00,5.67,4.33,7.00,2.00,9.00,7.00
1,-3.00,1.00,1.50,2.00,1.00,2.00,1.00,1.00,2.00,1.00,2.00,2.00,1.00,1.00,1.00,1.00,2.00,2.00,1.00,2.00,2.00,1.00,2.00,2.00,1.00,2.00,2.00,1.00,1.00,2.00
1,-6.00,3.00,3.00,4.00,1.00,4.00,3.00,2.00,3.00,3.00,1.00,5.00,1.00,2.00,3.00,3.50,3.00,3.00,2.00,4.00,4.00,5.00,3.00,4.00,4.00,2.00,2.50,2.00,2.00,5.00
1,-5.00,2.33,2.50,1.67,1.67,4.00,2.33,3.33,3.00,2.00,3.00,3.33,4.00,4.00,3.00,1.50,2.00,2.67,3.00,1.33,2.00,2.00,2.67,1.00,2.00,3.00,3.50,1.00,3.67,1.00
1,-4.74,2.53,2.37,2.11,1.32,1.47,1.74,2.63,3.47,1.26,2.42,3.42,2.26,2.00,1.11,1.21,3.63,2.21,1.37,1.63,3.37,2.32,3.00,2.74,1.00,3.74,3.53,3.26,3.11,2.47
1,-10.00,4.00,5.00,6.67,1.67,2.67,9.00,3.33,8.00,2.00,4.67,8.33,5.67,7.33,3.00,2.33,7.00,6.00,5.33,3.67,4.67,5.33,1.00,2.67,3.67,6.33,7.67,7.33,6.33,4.33
1,-10.00,6.00,5.00,3.33,6.67,2.67,1.00,6.67,2.00,8.00,3.67,3.33,2.67,4.33,7.00,4.33,3.00,4.00,5.33,3.67,4.67,6.33,9.00,5.67,4.67,5.33,5.67,7.33,6.33,7.33
1,-10.00,8.00,5.00,5.00,5.00,3.00,3.00,5.00,6.00,4.00,6.00,5.00,3.00,3.00,1.00,8.00,9.00,2.00,6.00,6.00,4.00,4.00,7.00,7.00,4.00,6.00,2.00,7.00,4.00,7.00
1,-15.00,10.50,7.50,5.00,5.00,8.00,3.00,10.00,6.00,9.00,11.00,10.00,8.00,13.00,6.00,5.50,9.00,4.50,8.50,3.50,6.50,4.00,12.00,2.00,14.00,1.00,9.50,7.00,11.50,7.00
1,-5.00,3.00,2.50,1.67,1.67,2.17,3.00,3.33,1.00,4.00,2.67,3.33,2.17,1.33,1.00,1.33,4.00,2.00,1.83,2.67,3.17,2.33,2.00,3.67,3.17,1.83,3.67,2.83,2.33,2.83
1,-5.56,3.56,2.78,2.22,1.67,1.33,3.00,3.33,1.56,4.00,2.67,3.89,4.11,2.44,1.00,3.00,4.56,2.00,2.67,3.22,2.89,2.89,2.56,3.11,1.22,4.33,2.56,4.22,2.33,1.44
1,-6.43,2.57,3.21,3.57,4.64,4.00,3.64,2.86,3.00,3.43,4.43,1.79,5.07,5.43,4.07,2.21,2.36,3.86,3.71,1.21,2.71,2.00,2.79,1.00,3.79,2.64,4.21,2.43,5.21,1.36
3,-10.00,4.00,5.00,6.67,1.67,4.00,9.00,3.33,8.00,2.00,4.67,8.33,5.67,7.33,3.00,2.33,7.00,6.00,1.33,3.00,8.67,5.33,1.00,2.67,3.67,6.33,7.67,6.00,7.00,4.33
1,-7.50,4.50,3.75,5.00,1.25,2.00,2.00,2.50,4.00,3.50,6.50,6.25,5.75,4.50,5.25,3.25,2.25,3.00,4.00,2.75,3.50,1.00,5.50,3.00,2.25,5.25,4.25,5.50,4.75,1.75
1,-4.29,1.39,2.14,1.43,3.04,2.29,3.00,2.86,1.71,2.57,3.14,1.25,2.82,1.57,1.71,2.64,2.57,2.89,1.36,1.00,2.93,1.14,1.29,2.71,2.39,1.89,1.64,2.00,3.29,1.46
1,-5.25,3.75,2.63,1.75,3.63,1.00,2.63,3.50,2.25,3.00,3.25,1.63,3.63,2.00,2.63,1.63,2.63,1.50,2.00,3.63,3.25,2.00,2.63,3.25,3.63,1.63,3.63,4.25,1.63,1.63
1,-3.00,2.00,1.50,1.00,2.00,1.00,1.00,2.00,2.00,1.00,1.00,1.00,1.00,1.00,2.00,2.00,1.00,1.00,2.00,2.00,1.00,2.00,2.00,2.00,2.00,1.00,1.00,2.00,1.00,2.00
1,-7.50,4.50,3.75,5.00,5.00,2.00,4.50,2.50,1.50,6.00,4.00,2.50,2.00,2.00,1.50,5.75,6.00,3.00,4.00,6.50,3.50,3.50,3.00,5.50,3.50,4.00,1.75,5.50,1.00,5.50
1,-10.00,8.00,5.00,6.67,1.67,4.67,3.00,3.33,6.00,4.00,2.67,8.33,4.67,6.33,1.00,6.33,9.00,2.00,4.33,7.67,5.67,7.33,7.00,3.67,5.67,4.33,3.67,5.33,2.33,5.33
1,-7.50,4.50,3.75,2.50,6.25,2.00,3.25,5.00,4.00,3.50,6.50,1.25,3.25,4.50,5.25,3.25,2.25,3.00,4.00,5.25,3.50,1.00,4.25,3.00,2.25,5.25,4.25,5.50,2.25,4.25
1,-6.67,2.33,3.33,2.22,2.22,2.89,5.67,4.44,4.67,2.00,5.22,4.44,2.89,3.44,3.00,5.11,3.67,4.33,4.11,1.89,2.56,1.44,1.00,3.22,4.22,2.44,1.56,3.78,4.78,3.78
1,-7.50,4.00,3.75,5.00,5.00,4.00,6.50,2.50,5.50,2.00,5.50,2.50,6.50,4.00,3.00,6.50,4.50,3.50,5.50,3.00,2.00,2.00,1.00,3.50,4.50,3.00,1.00,3.50,4.50,1.00
1,-7.50,1.50,3.75,2.50,2.50,4.00,5.25,5.00,3.00,4.50,5.50,5.00,4.00,4.00,3.00,6.50,4.50,6.00,4.25,5.50,3.25,2.00,2.25,3.50,5.75,1.75,1.00,3.50,2.00,3.50
1,-10.00,6.00,5.00,3.33,7.08,6.83,1.00,6.67,2.00,8.00,5.33,2.92,4.33,2.67,7.00,7.67,3.00,4.00,3.67,6.58,6.33,4.67,9.00,7.33,6.33,3.67,2.33,3.17,3.42,5.67
1,-3.00,2.00,1.50,2.00,2.00,1.00,1.00,1.00,2.00,1.00,1.00,1.00,2.00,2.00,2.00,2.00,1.00,1.00,2.00,2.00,1.00,2.00,2.00,1.00,1.00,2.00,1.00,2.00,1.00,1.00
1,-6.00,2.40,3.00,2.00,5.00,2.90,3.90,4.00,4.80,1.20,1.55,1.00,1.40,3.40,1.80,3.40,4.20,3.60,2.80,3.80,3.20,4.45,2.10,2.60,4.70,1.30,2.60,3.10,2.20,4.60
1,-8.57,1.71,4.29,5.71,3.57,5.29,3.86,2.86,3.43,5.14,4.86,5.00,1.00,4.57,5.57,4.57,3.00,6.86,2.00,2.71,6.57,3.71,4.71,4.00,2.29,6.29,4.00,3.29,5.86,7.57
1,-5.00,2.00,2.50,2.50,1.25,2.00,3.25,2.50,1.50,3.50,4.00,3.75,3.25,2.00,2.75,2.00,2.25,3.00,1.50,1.50,3.50,1.00,1.75,3.00,3.50,1.50,3.00,3.00,3.50,1.75
1,-7.14,5.43,3.57,4.29,5.00,2.57,3.29,2.86,3.71,3.43,2.29,2.14,6.14,4.00,3.00,4.71,4.14,1.71,5.14,5.86,2.00,4.86,3.86,3.14,4.14,3.00,2.43,4.57,1.29,1.00
1,-3.00,1.00,1.50,1.00,1.00,1.00,2.00,2.00,2.00,1.00,1.00,2.00,1.00,2.00,1.00,1.00,2.00,2.00,2.00,2.00,1.00,2.00,1.00,1.00,1.00,2.00,2.00,2.00,1.00,2.00
2,-10.00,4.00,5.00,3.33,8.33,7.33,9.00,6.67,8.00,2.00,6.33,1.67,2.33,3.17,3.00,5.67,7.00,6.00,4.67,6.33,5.33,3.67,1.00,6.83,5.33,4.67,4.33,2.67,3.67,7.67
5,-15.00,3.00,7.50,10.00,10.00,13.00,3.00,5.00,6.00,9.00,1.00,5.00,13.00,8.00,6.00,8.00,9.00,12.00,11.00,8.50,4.00,14.00,12.00,7.00,4.00,11.00,7.00,2.00,6.50,2.00
1,-10.00,6.00,5.00,5.00,5.00,6.00,1.00,5.00,2.00,8.00,2.00,5.00,6.00,6.00,7.00,6.00,3.00,4.00,2.00,7.00,8.00,8.00,9.00,4.00,3.00,7.00,4.00,4.00,3.00,4.00
13,-15.00,12.00,7.50,10.00,10.00,7.00,12.00,5.00,9.00,6.00,4.00,5.00,7.00,2.00,9.00,2.00,6.00,3.00,14.00,4.00,1.00,11.00,3.00,13.00,1.00,14.00,13.00,8.00,11.00,8.00
1,-6.00,4.80,3.00,4.00,1.00,4.80,3.80,2.00,3.60,2.40,3.60,5.00,3.80,4.80,3.60,4.80,2.40,1.20,3.60,3.60,2.40,2.40,2.20,1.20,2.40,3.60,1.20,1.20,2.40,2.20
1,-7.50,3.50,3.75,4.17,1.67,2.67,1.00,3.33,2.00,5.50,3.67,5.83,5.17,1.83,4.50,1.83,3.00,4.00,2.83,3.67,4.67,3.83,6.50,5.67,4.67,2.83,5.67,4.83,3.83,2.33
1,-5.00,4.00,2.50,1.67,1.67,4.00,4.00,3.33,3.00,2.00,3.00,3.33,4.00,4.00,3.00,4.00,2.00,1.00,3.00,3.00,2.00,2.00,1.00,1.00,2.00,3.00,1.00,1.00,2.00,1.00
1,-5.62,4.50,2.81,3.44,3.44,3.25,2.62,2.19,3.37,2.25,2.12,2.19,2.31,2.00,3.37,1.06,2.25,1.12,1.81,1.19,3.81,3.50,3.00,3.62,1.00,4.62,4.56,2.37,4.44,3.31
1,-4.44,1.56,2.22,1.48,3.15,3.04,1.00,2.96,2.00,2.44,1.26,1.30,1.37,2.30,1.44,2.85,3.00,2.89,1.63,2.93,2.81,3.19,3.44,2.15,1.15,3.30,1.59,1.41,1.52,3.07
1,-5.00,2.00,2.50,2.67,1.67,1.67,4.00,2.33,4.00,1.00,1.67,3.33,1.67,3.33,1.50,3.33,3.50,3.00,3.33,2.67,1.67,3.33,1.00,1.67,1.67,3.33,1.67,3.33,2.33,3.33
1,-15.00,9.00,7.50,5.00,5.00,6.50,9.00,10.00,10.50,4.50,8.00,10.00,14.00,4.00,3.00,4.00,12.00,6.00,13.00,8.00,2.00,7.00,6.00,11.00,9.50,5.50,11.00,8.50,7.00,1.00
1,-3.00,1.00,1.50,1.00,2.00,1.00,2.00,2.00,1.00,2.00,1.00,1.00,1.00,1.00,1.00,2.00,2.00,2.00,2.00,1.00,1.00,2.00,1.00,2.00,2.00,1.00,1.00,2.00,2.00,2.00
1,-3.00,2.00,1.50,2.00,1.00,2.00,2.00,1.00,1.00,2.00,1.00,2.00,2.00,1.00,2.00,2.00,1.00,1.00,2.00,2.00,1.00,2.00,1.00,2.00,1.00,2.00,1.00,1.00,1.00,1.00
1,-5.00,2.00,2.50,1.67,1.67,1.17,2.00,3.33,4.00,1.00,2.33,3.33,3.67,2.83,1.50,1.17,3.50,3.00,2.33,1.92,2.67,2.67,3.00,2.17,2.67,2.33,3.83,3.83,3.08,1.33
3,-15.00,12.00,7.50,5.00,5.00,2.00,12.00,10.00,9.00,6.00,6.50,10.00,9.50,7.00,9.00,7.00,6.00,3.00,4.00,14.00,11.00,8.50,3.00,8.00,11.00,4.00,8.00,13.00,1.00,5.50
1,-6.00,3.60,3.00,2.00,5.00,2.60,3.60,4.00,1.20,4.80,3.20,1.00,2.60,4.60,1.20,1.60,4.80,2.40,2.20,3.20,3.80,2.80,2.40,1.40,3.80,2.20,4.40,3.40,2.80,3.40
1,-5.00,2.00,2.50,2.50,3.75,2.00,2.00,2.50,4.00,1.00,1.50,1.25,3.25,2.00,2.75,2.00,2.25,3.00,4.00,4.00,1.00,3.50,3.00,3.00,3.50,1.50,3.00,3.00,1.00,1.75
1,-5.00,1.00,2.50,2.78,1.11,2.11,1.00,2.22,2.00,3.00,1.44,3.89,2.11,1.56,2.00,3.22,3.00,4.00,2.56,1.44,2.44,3.56,4.00,3.44,2.44,2.56,1.78,2.89,3.56,2.89
2,-15.00,9.00,7.50,5.00,12.50,14.00,1.50,10.00,3.00,12.00,8.00,2.50,6.50,4.00,10.50,11.50,4.50,6.00,13.00,8.00,2.00,7.00,13.50,11.00,9.50,5.50,3.50,1.00,7.00,8.50
5,-15.00,6.00,7.50,10.00,2.50,1.00,13.50,5.00,12.00,3.00,7.00,12.50,8.50,11.00,4.50,3.50,10.50,9.00,2.00,7.00,13.00,8.00,1.50,4.00,5.50,9.50,11.50,14.00,8.00,6.50
1,-6.67,2.67,3.33,3.33,5.00,2.67,2.67,3.33,5.33,1.33,2.00,1.67,4.33,4.33,3.67,1.00,3.00,4.00,3.67,5.33,3.00,4.67,4.00,2.33,3.00,3.67,5.67,4.00,1.33,2.33
1,-7.50,4.50,3.75,2.50,6.25,1.00,2.25,5.00,4.50,3.00,4.00,1.25,3.25,3.50,5.25,5.75,2.25,3.00,2.00,3.25,5.50,3.50,5.25,4.00,4.75,2.75,1.75,6.50,4.25,4.25
2,-7.50,4.50,3.75,5.00,5.00,2.00,4.50,2.50,1.50,6.00,2.75,2.50,2.00,5.13,3.38,1.38,4.13,3.00,4.00,6.50,3.50,4.75,3.00,2.38,3.50,4.00,6.13,5.50,1.00,5.50
1,-4.41,1.59,2.21,2.94,2.50,1.00,2.91,1.47,1.41,3.00,2.59,1.91,2.76,1.29,1.41,1.29,3.00,2.82,2.00,1.71,2.41,1.82,1.50,3.12,1.53,2.88,3.12,3.41,2.71,1.65
1,-7.50,3.50,3.75,4.17,1.67,2.67,1.00,3.33,2.00,5.50,3.67,5.83,5.17,4.33,4.50,1.83,3.00,4.00,2.83,3.67,4.67,3.83,6.50,3.17,2.17,5.33,5.67,4.83,3.83,2.33
1,-6.00,3.00,3.00,4.00,2.50,4.00,1.50,2.00,3.00,3.00,1.00,3.50,2.50,2.00,1.50,3.50,4.50,3.00,5.00,2.50,1.00,5.00,4.50,4.00,2.50,3.50,2.50,2.00,3.50,3.50
3,-15.00,3.00,7.50,10.00,10.00,13.00,3.00,5.00,6.00,9.00,1.00,5.00,5.50,8.00,6.00,8.00,9.00,12.00,11.00,8.50,4.00,14.00,12.00,7.00,4.00,11.00,7.00,2.00,6.50,9.50
1,-15.00,3.00,7.50,5.00,5.00,8.00,3.00,10.00,6.00,9.00,11.00,10.00,8.00,13.00,6.00,5.50,9.00,12.00,8.50,11.00,6.50,4.00,12.00,2.00,14.00,1.00,9.50,7.00,4.00,7.00
1,-7.50,2.25,3.75,2.50,6.25,1.00,2.25,5.00,4.50,3.00,3.25,1.25,4.75,3.50,2.63,3.50,4.88,5.25,2.00,3.25,5.50,4.25,5.25,4.00,1.75,5.75,4.00,6.50,4.25,2.75
