count,b,a_0,a_1,a_2,a_3,a_4,a_5,a_6,a_7,a_8,a_9,a_10,a_11,a_12,a_13,a_14,a_15,a_16,a_17,a_18,a_19,a_20,a_21,a_22
1,-5.25,1.75,1.88,3.50,3.63,2.25,3.13,1.00,4.13,2.00,2.13,2.63,3.88,3.25,1.13,2.00,1.38,3.00,3.13,3.25,3.38,4.25,2.13,1.63
1,-4.00,2.00,2.50,2.00,1.50,1.00,2.50,1.00,1.50,3.00,2.50,2.00,2.50,2.00,2.50,2.00,1.50,3.00,1.50,1.00,1.50,3.00,1.50,2.50
4,-8.00,4.00,3.00,4.00,3.00,6.00,3.00,6.00,1.00,6.00,5.00,4.00,1.00,4.00,7.00,4.00,7.00,2.00,3.00,2.00,5.00,2.00,5.00,5.00
1,-5.33,2.67,2.33,2.67,2.33,2.00,2.33,2.00,4.33,2.00,1.67,2.67,4.33,4.00,1.00,1.33,1.00,3.33,3.67,3.33,3.00,3.33,3.00,3.00
1,-6.00,4.00,3.00,2.00,4.00,3.00,5.00,4.00,3.00,2.00,4.00,3.00,5.00,4.00,3.00,2.00,1.00,3.00,2.00,4.00,3.00,2.00,1.00,2.00
1,-6.00,4.00,3.00,2.00,4.00,3.00,5.00,4.00,3.00,2.00,1.00,3.00,2.00,4.00,3.00,2.00,4.00,3.00,5.00,4.00,3.00,2.00,1.00,2.00
1,-8.00,2.67,1.00,5.33,3.67,2.00,6.33,4.67,3.00,5.73,4.07,4.00,5.13,3.47,5.00,4.53,2.87,6.00,3.93,2.27,7.00,3.33,1.67,4.33
18,-12.00,8.00,3.00,4.00,11.00,6.00,7.00,2.00,9.00,10.00,5.00,6.00,1.00,8.00,3.00,4.00,11.00,6.00,7.00,2.00,9.00,10.00,5.00,1.00
1,-4.80,1.60,3.00,3.20,2.20,1.20,3.80,2.80,1.80,3.20,3.40,2.40,2.60,1.60,3.00,3.20,2.20,3.60,1.40,1.60,1.80,2.00,1.00,2.60
1,-4.00,1.33,1.83,2.67,2.50,1.00,2.50,1.00,1.50,1.00,2.83,2.00,1.50,2.00,2.50,2.00,2.50,3.00,1.17,3.00,2.17,3.00,1.50,1.50
1,-8.00,2.67,3.00,5.33,5.67,6.00,4.33,4.67,1.00,3.33,3.67,4.00,2.33,2.67,7.00,5.33,5.67,2.00,4.33,4.67,5.00,3.33,3.67,2.33
1,-8.00,2.67,3.00,5.33,5.67,6.00,3.00,3.33,3.67,6.00,6.33,4.00,1.00,4.00,4.33,4.00,7.00,2.00,1.67,2.00,5.00,4.67,5.00,2.33
1,-8.00,2.67,7.00,5.33,3.00,6.00,4.33,3.33,5.00,6.00,2.33,4.00,5.00,4.00,3.00,4.00,3.00,2.00,5.67,2.00,1.00,4.67,3.67,5.00
6,-12.00,8.00,9.00,4.00,5.00,6.00,1.00,2.00,3.00,10.00,5.00,6.00,7.00,8.00,9.00,4.00,5.00,6.00,7.00,2.00,3.00,10.00,11.00,7.00
1,-8.00,2.67,7.00,5.33,1.67,6.00,4.33,3.33,5.00,3.33,2.33,4.00,2.33,6.67,3.00,1.33,5.67,2.00,5.67,4.67,1.00,4.67,3.67,6.33
1,-4.80,1.60,3.00,3.20,2.20,1.20,3.80,2.80,3.40,2.80,3.40,2.40,3.40,2.40,1.40,2.40,1.40,3.60,1.40,2.00,1.80,2.00,1.00,2.60
1,-8.00,2.67,1.00,5.33,2.67,2.00,5.33,2.67,3.00,5.33,3.67,4.00,5.33,2.67,5.00,5.33,2.67,6.00,4.33,2.67,7.00,5.33,2.67,5.33
1,-4.36,2.91,3.00,1.45,2.64,1.64,1.18,2.36,1.36,3.09,1.00,2.18,1.73,2.91,3.00,1.45,2.64,2.73,3.36,1.27,1.36,2.00,3.18,1.73
1,-4.00,2.67,1.50,1.33,1.17,3.00,2.33,2.67,2.50,2.33,2.67,2.00,1.33,2.67,1.50,1.33,2.67,1.00,1.33,1.67,2.50,1.33,1.67,2.83
1,-8.00,5.33,5.00,2.67,2.33,2.00,2.33,4.67,7.00,4.67,4.33,4.00,4.33,1.33,1.00,6.67,3.67,6.00,3.67,3.33,3.00,3.33,5.67,5.67
1,-4.80,2.80,3.00,2.00,1.00,1.20,3.80,2.80,3.00,2.00,2.20,2.40,3.80,2.80,1.80,2.00,1.00,3.60,2.60,2.80,1.80,2.00,1.00,3.80
1,-4.00,2.00,3.00,2.00,1.00,2.00,3.00,2.00,1.00,2.00,1.00,2.00,1.00,2.00,3.00,2.00,3.00,2.00,3.00,2.00,1.00,2.00,1.00,3.00
1,-8.00,4.00,3.00,4.00,3.00,6.00,5.00,2.00,1.00,6.00,3.00,4.00,5.00,4.00,7.00,4.00,3.00,2.00,5.00,2.00,5.00,6.00,3.00,5.00
1,-5.33,2.22,1.67,3.11,3.89,3.33,2.11,4.22,1.00,2.44,3.22,2.67,4.11,2.22,4.33,3.11,1.22,2.00,2.11,2.89,3.67,1.11,3.22,1.44
1,-6.00,4.00,3.00,2.00,1.00,3.00,2.00,4.00,3.00,2.00,1.00,3.00,2.00,4.00,3.00,2.00,4.00,3.00,5.00,4.00,3.00,2.00,4.00,5.00
1,-8.00,3.20,5.00,4.80,3.40,2.00,3.40,3.60,7.00,5.20,2.20,4.00,5.40,2.40,1.00,5.60,2.60,6.00,5.80,2.80,3.00,4.40,4.60,4.60
1,-6.00,4.00,3.50,2.00,1.50,3.00,3.50,1.00,4.50,3.00,2.50,3.00,1.50,4.00,1.50,2.00,4.50,3.00,3.50,3.00,2.50,5.00,2.50,4.50
1,-8.00,2.67,5.00,5.33,3.67,2.00,2.33,4.67,7.00,3.33,5.67,4.00,4.33,6.67,1.00,1.33,3.67,6.00,2.33,4.67,3.00,3.33,5.67,4.33
1,-4.44,2.67,3.00,1.78,1.22,3.33,2.11,2.44,2.78,2.44,1.00,2.22,1.00,3.11,1.67,1.33,3.44,1.11,3.44,2.00,1.44,2.00,2.33,3.22
1,-8.00,2.67,1.00,5.33,2.67,2.00,5.33,2.67,3.00,4.33,2.67,4.00,5.33,2.67,5.00,5.33,2.67,6.00,5.33,3.67,7.00,5.33,2.67,5.33
1,-8.00,4.00,5.00,4.00,1.00,2.00,5.00,2.00,3.00,2.00,3.00,4.00,3.00,4.00,5.00,4.00,5.00,6.00,5.00,6.00,3.00,6.00,3.00,7.00
1,-4.80,3.20,3.00,1.60,3.80,3.60,3.40,2.00,3.00,2.80,3.80,2.40,2.20,2.00,1.80,2.80,2.60,1.20,1.00,2.00,1.80,2.80,1.40,1.00
11,-12.00,4.00,9.00,8.00,7.00,6.00,5.00,10.00,3.00,2.00,7.00,6.00,11.00,4.00,9.00,8.00,1.00,6.00,5.00,10.00,3.00,2.00,7.00,5.00
1,-6.00,4.00,3.75,2.00,1.75,3.50,1.75,3.50,4.25,3.50,3.25,3.00,4.25,1.00,1.75,5.00,1.75,2.50,2.75,2.50,2.25,2.50,4.25,4.25
1,-8.00,4.00,3.00,4.00,3.00,6.00,3.00,6.00,5.00,6.00,1.00,4.00,1.00,4.00,3.00,4.00,7.00,2.00,7.00,2.00,5.00,2.00,5.00,5.00
1,-6.00,4.00,3.00,2.00,4.00,4.50,2.00,3.25,3.75,2.00,2.50,3.00,5.00,4.00,2.25,2.00,1.00,1.50,3.50,4.00,3.00,2.75,4.00,2.00
1,-6.86,2.29,1.29,4.57,3.57,2.57,5.86,4.86,3.86,3.71,2.71,3.43,5.00,4.00,3.00,2.86,1.86,4.29,4.14,3.14,5.57,2.00,1.00,3.29
2,-8.00,4.00,7.00,4.00,3.00,6.00,3.00,6.00,5.00,6.00,5.00,4.00,5.00,4.00,3.00,4.00,3.00,2.00,3.00,2.00,1.00,2.00,5.00,5.00
1,-6.00,4.00,1.95,2.00,2.35,1.50,2.75,4.30,3.45,3.50,3.85,3.00,4.25,1.00,2.55,5.00,1.75,4.50,2.15,2.50,4.05,1.70,3.25,3.65
2,-8.00,5.33,5.00,2.67,5.00,2.00,5.00,2.00,4.33,2.00,7.00,4.00,7.00,4.00,3.67,4.00,1.00,6.00,1.00,6.00,3.00,6.00,3.00,3.00
1,-8.00,5.33,5.00,2.67,5.00,2.00,5.00,2.00,3.00,2.00,7.00,4.00,4.33,4.00,5.00,4.00,3.67,6.00,1.00,6.00,3.00,6.00,3.00,3.00
1,-8.00,2.67,1.00,5.33,3.67,2.00,6.33,4.67,3.00,3.33,5.67,4.00,4.33,6.67,5.00,1.33,3.67,6.00,2.33,4.67,7.00,3.33,1.67,4.33
1,-8.00,2.67,3.00,5.33,5.67,6.00,3.00,6.00,1.00,3.33,3.67,4.00,3.67,4.00,7.00,4.00,4.33,2.00,4.33,4.67,5.00,2.00,5.00,2.33
1,-8.00,5.33,3.00,2.67,4.33,6.00,5.67,3.33,1.00,4.67,2.33,4.00,3.67,5.33,7.00,2.67,4.33,2.00,5.67,3.33,5.00,4.67,2.33,3.67
1,-8.00,4.00,5.00,4.00,5.00,2.00,5.00,6.00,3.00,2.00,3.00,4.00,7.00,4.00,5.00,4.00,1.00,6.00,5.00,6.00,3.00,2.00,3.00,3.00
1,-8.00,4.00,3.00,4.00,5.00,6.00,3.00,6.00,1.00,2.00,5.00,4.00,5.00,4.00,7.00,4.00,3.00,2.00,3.00,6.00,5.00,2.00,5.00,3.00
27,-24.00,16.00,9.00,8.00,1.00,18.00,17.00,10.00,3.00,2.00,19.00,12.00,11.00,4.00,21.00,20.00,13.00,6.00,5.00,22.00,15.00,14.00,7.00,23.00
2,-8.00,2.67,5.00,5.33,2.33,2.00,2.33,4.67,7.00,4.67,1.67,4.00,4.33,6.67,1.00,1.33,3.67,6.00,6.33,3.33,3.00,3.33,5.67,5.67
7,-12.00,4.00,7.50,8.00,5.50,3.00,3.50,7.00,10.50,11.00,2.50,6.00,6.50,10.00,1.50,2.00,5.50,9.00,9.50,1.00,4.50,5.00,8.50,6.50
1,-6.00,2.00,2.25,4.00,1.25,4.50,3.25,2.50,3.75,2.50,4.75,3.00,2.75,5.00,2.25,1.00,3.25,1.50,1.25,3.50,3.75,3.50,2.75,4.75
1,-6.00,2.00,3.00,4.00,5.00,1.50,2.50,2.00,3.00,4.00,5.00,3.00,1.00,2.00,3.00,4.00,5.00,4.50,1.00,2.00,3.00,4.00,3.50,1.00
1,-6.00,2.00,2.25,4.00,4.25,4.50,4.75,3.50,2.25,2.50,2.75,3.00,4.75,5.00,3.75,1.00,1.25,1.50,3.25,3.50,3.75,2.50,1.25,1.75
1,-8.00,5.33,7.00,2.67,4.33,6.00,2.67,3.33,5.00,2.67,2.33,4.00,2.67,5.33,3.00,2.67,5.33,2.00,5.67,5.33,1.00,4.67,5.33,3.67
2,-8.00,4.00,5.00,4.00,5.00,2.00,5.00,6.00,7.00,2.00,3.00,4.00,3.00,4.00,1.00,4.00,5.00,6.00,5.00,6.00,3.00,2.00,3.00,3.00
1,-6.00,4.00,4.50,2.00,2.50,3.00,2.00,4.00,3.00,5.00,4.00,3.00,3.50,4.00,3.00,2.00,2.50,3.00,2.00,1.00,1.50,2.00,4.00,3.50
1,-4.00,1.33,1.50,2.67,2.33,3.00,2.67,1.33,2.50,2.67,1.33,2.00,2.67,1.33,1.50,2.67,1.33,1.00,2.67,1.33,2.50,2.67,1.33,1.67
1,-6.00,4.00,1.50,2.00,4.00,3.00,2.00,4.00,3.00,2.00,1.00,3.00,2.00,2.50,3.00,3.50,4.00,3.00,5.00,4.00,4.50,2.00,4.00,2.00
1,-8.00,5.33,3.00,2.67,5.13,6.00,4.07,3.33,1.00,2.27,6.33,4.00,3.67,4.53,7.00,3.47,4.33,2.00,1.67,5.73,5.00,4.67,3.93,2.87
3,-8.00,5.33,1.00,2.67,3.67,2.00,1.00,2.00,3.00,2.00,3.00,4.00,3.00,4.00,5.00,4.00,5.00,6.00,5.00,6.00,7.00,6.00,7.00,4.33
3,-6.00,2.00,3.00,4.00,5.00,3.00,1.00,2.00,3.00,4.00,2.00,3.00,1.00,2.00,3.00,4.00,5.00,3.00,4.00,2.00,3.00,4.00,5.00,1.00
1,-8.00,2.67,5.00,5.33,5.00,2.00,2.33,2.00,4.33,4.67,7.00,4.00,1.67,4.00,3.67,4.00,6.33,6.00,1.00,3.33,3.00,6.00,5.67,3.00
1,-6.00,2.00,1.50,4.00,3.50,3.00,2.50,5.00,4.50,1.00,3.50,3.00,2.50,2.00,1.50,4.00,3.50,3.00,2.50,5.00,4.50,1.00,3.50,2.50
1,-4.00,2.67,1.50,1.33,1.17,1.00,2.83,2.67,2.50,1.33,2.17,2.00,1.33,2.67,1.50,1.33,2.67,3.00,1.83,2.67,2.50,1.33,1.17,2.83
1,-6.00,2.00,4.50,4.00,4.50,3.00,3.50,3.00,1.50,3.00,1.50,3.00,1.50,5.00,4.50,1.00,4.50,3.00,4.50,3.00,1.50,3.00,2.50,1.50
1,-8.00,4.00,5.00,4.00,5.00,2.00,1.00,2.00,3.00,6.00,7.00,4.00,3.00,4.00,5.00,4.00,5.00,6.00,1.00,2.00,3.00,6.00,7.00,3.00
1,-6.00,4.00,2.25,2.00,3.25,4.50,1.25,2.50,3.75,3.50,1.75,3.00,4.25,1.00,2.25,5.00,1.75,1.50,4.25,2.50,3.75,3.50,4.75,2.75
1,-4.36,2.91,3.00,1.45,1.55,3.27,1.73,2.36,1.91,3.09,1.00,2.18,1.73,1.82,2.45,2.55,2.64,1.09,3.36,1.27,1.36,2.00,2.64,2.82
1,-6.00,4.00,2.25,2.00,2.25,2.50,4.25,2.50,4.75,2.50,4.75,3.00,2.75,1.00,1.25,5.00,3.25,3.50,1.25,3.50,3.75,3.50,1.75,3.75
1,-8.00,4.00,7.00,4.00,3.00,6.00,7.00,6.00,5.00,6.00,5.00,4.00,5.00,4.00,3.00,4.00,3.00,2.00,3.00,2.00,1.00,2.00,1.00,5.00
1,-5.54,2.46,2.54,3.08,3.15,1.38,3.77,2.00,2.08,2.62,4.54,2.77,1.46,1.54,3.46,4.00,4.08,4.15,1.00,2.92,3.00,3.54,1.77,2.38
1,-8.00,2.67,7.00,5.33,1.67,6.00,4.33,4.67,5.00,3.33,5.67,4.00,2.33,6.67,3.00,1.33,5.67,2.00,2.33,4.67,1.00,3.33,3.67,6.33
2,-8.00,2.67,3.00,5.33,3.00,6.00,3.00,6.00,3.67,6.00,1.00,4.00,1.00,4.00,4.33,4.00,7.00,2.00,7.00,2.00,5.00,2.00,5.00,5.00
1,-6.00,4.00,1.50,2.00,2.50,3.00,3.50,1.00,1.50,5.00,2.50,3.00,3.50,4.00,4.50,2.00,2.50,3.00,3.50,1.00,4.50,5.00,2.50,3.50
1,-3.00,1.00,1.00,2.00,1.00,1.00,1.00,1.00,2.00,2.00,1.00,1.50,2.00,1.00,1.00,2.00,1.00,2.00,2.00,1.00,2.00,2.00,2.00,2.00
1,-6.86,4.57,3.00,2.29,4.14,4.86,1.86,3.71,4.43,4.86,2.14,3.43,1.00,2.86,2.43,4.00,5.86,2.00,4.71,2.00,3.86,3.14,5.00,2.71
1,-6.00,4.00,2.25,2.00,4.75,1.50,2.75,2.50,2.25,3.50,4.75,3.00,4.25,1.00,3.75,5.00,1.75,4.50,1.25,2.50,3.75,3.50,3.25,1.25
1,-8.00,5.33,7.00,2.67,4.33,6.00,5.67,3.33,5.00,4.67,2.33,4.00,3.67,5.33,3.00,2.67,4.33,2.00,5.67,3.33,1.00,4.67,2.33,3.67
4,-12.00,4.00,7.50,8.00,5.50,3.00,3.50,7.00,4.50,11.00,8.50,6.00,6.50,10.00,7.50,2.00,5.50,9.00,3.50,1.00,4.50,5.00,8.50,6.50
1,-8.00,4.00,5.00,4.00,5.00,2.00,1.00,2.00,3.00,2.00,3.00,4.00,3.00,4.00,5.00,4.00,5.00,6.00,5.00,6.00,3.00,6.00,7.00,3.00
1,-8.00,2.67,1.67,5.33,4.33,3.33,7.00,6.00,5.00,6.00,5.00,4.00,5.00,4.00,3.00,4.00,3.00,4.67,3.00,2.00,6.33,2.00,1.00,3.67
1,-6.00,2.00,2.25,4.00,1.25,4.50,3.25,2.50,3.75,2.50,4.75,3.00,1.75,5.00,2.25,1.00,4.25,1.50,1.25,3.50,3.75,3.50,2.75,4.75
1,-6.00,2.00,3.75,4.00,4.25,3.00,4.75,3.50,2.25,2.50,1.25,3.00,1.75,5.00,3.75,1.00,4.25,3.00,4.75,3.50,2.25,2.50,1.25,1.75
1,-8.00,5.33,1.00,2.67,6.33,2.00,3.67,3.33,3.00,4.67,4.33,4.00,1.67,5.33,5.00,2.67,6.33,6.00,3.67,3.33,7.00,4.67,4.33,1.67
1,-6.00,4.00,1.75,2.00,1.75,1.50,1.75,3.50,3.25,3.50,3.25,3.00,3.25,1.00,2.75,5.00,2.75,4.50,2.75,2.50,4.25,2.50,4.25,4.25
2,-12.00,8.00,7.50,4.00,3.50,3.00,5.50,11.00,4.50,7.00,6.50,6.00,8.50,2.00,7.50,10.00,3.50,9.00,5.50,5.00,4.50,1.00,6.50,8.50
1,-4.00,2.00,3.00,2.00,1.00,2.00,3.00,2.00,1.00,2.00,3.00,2.00,1.00,2.00,3.00,2.00,3.00,2.00,1.00,2.00,1.00,2.00,1.00,3.00
1,-6.00,4.00,4.50,2.00,4.50,3.00,4.50,3.00,1.50,3.00,1.50,3.00,1.50,1.00,4.50,5.00,4.50,3.00,4.50,3.00,1.50,3.00,1.50,1.50
8,-12.00,8.00,1.50,4.00,9.50,3.00,5.50,11.00,4.50,7.00,6.50,6.00,8.50,2.00,7.50,10.00,3.50,9.00,5.50,5.00,10.50,1.00,6.50,2.50
5,-12.00,4.00,10.50,8.00,2.50,9.00,6.50,1.00,7.50,5.00,5.50,6.00,3.50,10.00,4.50,2.00,8.50,3.00,6.50,7.00,1.50,11.00,5.50,9.50
15,-24.00,8.00,9.00,16.00,17.00,18.00,1.00,2.00,3.00,10.00,11.00,12.00,19.00,20.00,21.00,4.00,5.00,6.00,13.00,14.00,15.00,22.00,23.00,7.00
1,-4.36,1.45,3.36,2.91,3.36,2.36,1.91,3.09,1.36,2.36,2.82,2.18,2.09,2.55,3.00,1.82,2.27,2.00,1.55,2.00,1.00,1.27,2.45,1.00
1,-6.00,2.00,1.50,4.00,3.50,3.00,2.50,5.00,4.50,4.00,3.50,3.00,2.50,2.00,1.50,4.00,3.50,3.00,2.50,2.00,4.50,1.00,3.50,2.50
1,-4.00,1.33,1.00,2.67,1.00,2.00,1.00,2.00,3.00,2.00,3.00,2.00,3.00,1.33,1.00,2.67,1.00,2.00,1.00,2.00,3.00,2.00,3.00,3.00
1,-4.00,2.00,1.00,2.00,3.00,2.00,1.00,2.00,2.00,2.00,3.00,2.00,3.00,1.00,2.00,3.00,1.00,2.00,1.00,2.00,3.00,2.00,3.00,1.00
1,-8.00,5.33,3.00,2.67,4.33,6.00,5.67,3.33,1.00,2.67,6.33,4.00,3.67,5.33,7.00,2.67,4.33,2.00,1.67,5.33,5.00,4.67,2.33,3.67
1,-6.00,4.00,4.25,2.00,3.25,2.50,4.25,2.50,3.75,2.50,1.75,3.00,1.75,1.00,2.25,5.00,4.25,3.50,4.25,3.50,1.75,3.50,1.75,2.75
1,-4.80,3.20,1.80,1.60,2.60,1.20,3.40,2.00,3.00,2.80,3.80,2.40,3.40,3.20,1.80,1.60,1.40,3.60,1.00,2.00,3.00,2.80,1.40,2.20
1,-8.00,5.33,3.00,2.67,5.67,6.00,4.33,4.67,1.00,3.33,3.67,4.00,2.33,5.33,7.00,2.67,5.67,2.00,4.33,4.67,5.00,3.33,3.67,2.33
1,-4.00,1.33,3.00,2.67,1.33,2.00,2.67,1.33,1.00,2.67,1.33,2.00,1.67,1.33,3.00,2.67,2.33,2.00,2.67,1.33,1.00,2.67,1.33,2.67
1,-6.00,4.00,3.75,2.00,1.75,3.00,3.50,1.00,4.50,3.50,2.50,3.00,1.25,4.00,1.50,2.00,4.75,3.00,3.50,2.50,2.25,5.00,2.50,4.25
2,-6.00,2.00,3.00,4.00,5.00,4.50,1.00,2.00,3.00,4.00,5.00,3.00,1.00,2.00,3.00,4.00,5.00,1.50,1.00,2.00,3.00,4.00,5.00,1.00
1,-4.00,2.67,2.33,1.33,1.00,2.00,1.00,2.00,3.00,2.00,3.00,2.00,3.00,2.67,1.00,1.33,1.00,2.00,1.00,2.00,1.67,2.00,3.00,3.00
1,-8.00,5.33,1.00,2.67,4.33,2.00,1.67,3.33,3.00,2.67,4.33,4.00,3.67,5.33,5.00,2.67,4.33,6.00,3.67,5.33,7.00,4.67,6.33,3.67
1,-8.00,2.67,1.00,5.33,3.67,2.00,6.33,4.67,3.00,2.00,5.67,4.00,3.00,4.00,5.00,4.00,5.00,6.00,2.33,6.00,7.00,3.33,1.67,4.33
1,-8.00,4.00,3.00,4.00,3.00,2.00,3.00,2.00,5.00,6.00,5.00,4.00,1.00,4.00,3.00,4.00,7.00,6.00,3.00,2.00,5.00,6.00,5.00,5.00
8,-8.00,5.33,5.00,2.67,5.00,2.00,5.00,2.00,7.00,2.00,7.00,4.00,7.00,4.00,1.00,4.00,1.00,6.00,1.00,6.00,3.00,6.00,3.00,3.00
1,-6.00,4.00,3.00,2.00,3.00,4.00,1.00,2.00,3.00,2.00,2.00,3.00,5.00,4.00,3.00,2.00,1.00,2.00,4.00,4.00,3.00,4.00,5.00,3.00
2,-6.00,2.00,2.50,4.00,1.50,3.00,1.50,3.00,4.50,3.00,4.50,3.00,4.50,5.00,1.50,1.00,1.50,3.00,1.50,3.00,3.50,3.00,4.50,4.50
1,-3.00,2.00,1.00,1.00,2.00,2.00,1.00,2.00,2.00,2.00,2.00,1.50,2.00,2.00,1.00,1.00,1.00,1.00,1.00,1.00,2.00,1.00,2.00,1.00
1,-6.00,4.00,3.75,2.00,1.75,1.50,1.25,2.50,3.75,3.50,3.25,3.00,1.25,1.00,2.25,5.00,4.75,4.50,2.75,2.50,2.25,3.50,4.75,4.25
1,-6.00,2.00,3.75,4.00,3.75,3.50,3.75,3.50,1.25,3.50,1.25,3.00,1.25,5.00,4.75,1.00,4.75,2.50,4.75,2.50,2.25,2.50,2.25,2.25
3,-4.00,2.67,1.00,1.33,1.00,2.00,1.00,2.00,3.00,2.00,3.00,2.00,3.00,2.67,1.00,1.33,1.00,2.00,1.00,2.00,3.00,2.00,3.00,3.00
2,-8.00,4.00,7.00,4.00,7.00,6.00,3.00,6.00,5.00,6.00,5.00,4.00,5.00,4.00,3.00,4.00,3.00,2.00,3.00,2.00,1.00,2.00,5.00,1.00
1,-6.86,4.57,1.29,2.29,5.86,2.57,3.57,3.71,3.86,4.86,5.00,3.43,2.71,2.86,3.00,4.00,4.14,4.29,1.86,2.00,5.57,3.14,3.29,1.00
1,-8.00,5.33,3.00,2.67,5.13,6.00,5.67,3.33,1.00,2.27,6.33,4.00,3.67,4.53,7.00,3.47,4.33,2.00,1.67,5.73,5.00,4.67,2.33,2.87
1,-8.00,5.33,3.00,2.67,3.00,6.00,3.00,6.00,1.00,3.33,5.00,4.00,3.67,4.00,7.00,4.00,4.33,2.00,3.00,4.67,5.00,2.00,5.00,5.00
8,-8.00,2.67,7.00,5.33,7.00,6.00,7.00,6.00,5.00,6.00,5.00,4.00,5.00,4.00,3.00,4.00,3.00,2.00,3.00,2.00,1.00,2.00,1.00,1.00
9,-8.00,2.67,1.00,5.33,1.00,2.00,1.00,2.00,3.00,2.00,3.00,4.00,3.00,4.00,5.00,4.00,5.00,6.00,5.00,6.00,7.00,6.00,7.00,7.00
1,-6.00,4.00,3.75,2.00,1.75,2.70,4.55,3.10,1.65,3.50,3.25,3.00,1.25,1.00,4.35,5.00,4.75,3.30,2.75,2.50,2.25,2.90,1.45,4.25
2,-6.00,4.00,3.75,2.00,4.75,3.00,2.75,2.50,2.25,3.50,1.75,3.00,1.25,1.00,3.75,5.00,4.75,3.00,4.25,2.50,2.25,3.50,3.25,1.25
1,-8.00,4.00,5.00,4.00,1.00,2.00,1.00,2.00,3.00,2.00,3.00,4.00,3.00,4.00,5.00,4.00,5.00,6.00,5.00,6.00,3.00,6.00,7.00,7.00
1,-8.00,2.67,1.00,5.33,3.67,2.00,4.33,4.67,3.00,3.33,5.67,4.00,2.33,6.67,5.00,1.33,5.67,6.00,2.33,4.67,7.00,3.33,3.67,4.33
1,-4.00,2.00,3.00,2.00,1.00,2.00,1.00,2.00,3.00,2.00,3.00,2.00,1.00,2.00,1.00,2.00,3.00,2.00,1.00,2.00,1.00,2.00,3.00,3.00
1,-5.54,2.46,3.00,3.08,1.77,2.31,4.23,2.92,1.62,3.54,4.08,2.77,1.00,1.54,3.92,4.00,4.54,3.23,1.46,2.00,2.54,2.62,1.31,3.77
1,-4.00,1.78,2.83,2.22,1.94,3.00,1.06,2.11,1.83,2.56,2.28,2.00,2.72,1.11,2.17,2.89,1.28,1.00,1.72,1.44,1.17,1.89,2.94,2.06
1,-6.00,4.00,3.00,2.00,4.00,3.00,5.00,4.00,3.00,2.00,1.00,3.00,5.00,4.00,3.00,2.00,1.00,3.00,5.00,4.00,3.00,2.00,1.00,2.00
1,-6.00,4.00,3.00,2.00,2.50,4.50,5.00,4.00,3.00,2.00,1.00,3.00,3.50,2.50,3.00,3.50,2.50,1.50,5.00,4.00,3.00,2.00,1.00,3.50
2,-8.00,5.33,5.00,2.67,6.33,2.00,3.67,3.33,7.00,4.67,4.33,4.00,1.67,5.33,1.00,2.67,6.33,6.00,3.67,3.33,3.00,4.67,4.33,1.67
1,-8.00,2.67,1.00,5.33,2.67,2.00,5.33,2.67,3.00,5.33,2.67,4.00,4.33,2.67,5.00,5.33,3.67,6.00,5.33,2.67,7.00,5.33,2.67,5.33
6,-6.00,4.00,3.00,2.00,1.00,4.50,5.00,4.00,3.00,2.00,1.00,3.00,5.00,4.00,3.00,2.00,1.00,1.50,5.00,4.00,3.00,2.00,1.00,5.00
1,-8.00,4.00,5.00,4.00,5.00,2.00,3.00,6.00,7.00,2.00,5.00,4.00,3.00,4.00,1.00,4.00,5.00,6.00,3.00,6.00,3.00,2.00,5.00,3.00
1,-6.00,4.00,2.55,2.00,1.75,2.70,4.55,3.10,1.65,3.50,4.45,3.00,2.45,1.00,4.35,5.00,3.55,3.30,1.55,2.50,3.45,2.90,1.45,4.25
1,-8.00,4.44,3.00,3.56,4.78,6.00,3.89,5.11,1.00,4.22,5.44,4.00,1.89,5.78,7.00,2.22,6.11,2.00,2.56,3.78,5.00,2.89,4.11,3.22
1,-8.00,3.67,3.00,4.33,2.67,6.00,5.33,2.67,1.00,5.33,2.67,4.00,5.33,2.67,7.00,5.33,2.67,2.00,5.33,2.67,5.00,5.33,2.67,5.33
3,-12.00,8.00,9.00,4.00,5.00,6.00,7.00,2.00,3.00,10.00,11.00,6.00,7.00,8.00,9.00,4.00,5.00,6.00,1.00,2.00,3.00,10.00,5.00,7.00
1,-8.00,5.33,5.00,2.67,5.00,4.67,5.00,2.00,5.67,2.00,3.00,4.00,7.00,4.00,2.33,4.00,1.00,3.33,5.00,6.00,3.00,6.00,3.00,3.00
10,-12.00,8.00,4.50,4.00,6.50,9.00,8.50,5.00,1.50,1.00,9.50,6.00,5.50,2.00,10.50,10.00,6.50,3.00,2.50,11.00,7.50,7.00,3.50,5.50
1,-3.00,2.00,1.00,1.00,2.00,2.00,1.00,2.00,1.00,1.00,1.00,1.50,2.00,2.00,2.00,1.00,1.00,1.00,2.00,2.00,2.00,1.00,2.00,1.00
1,-4.80,3.20,2.20,1.60,3.80,1.20,2.20,1.20,1.80,2.80,1.80,2.40,3.40,2.40,3.00,2.40,1.40,3.60,3.00,2.00,2.60,3.60,2.60,1.00
1,-6.00,2.00,3.75,4.00,1.25,4.50,3.25,3.50,3.75,2.50,1.25,3.00,1.75,5.00,2.25,1.00,4.25,1.50,4.75,3.50,2.25,2.50,2.75,4.75
1,-6.00,2.00,4.50,4.00,3.50,3.00,2.50,5.00,4.50,1.00,3.50,3.00,2.50,2.00,1.50,4.00,3.50,3.00,2.50,5.00,1.50,1.00,3.50,2.50
1,-4.00,2.67,2.50,1.33,2.67,1.00,2.33,2.67,3.00,1.33,2.67,2.00,1.33,2.67,1.00,1.33,2.67,3.00,1.33,2.67,1.50,1.33,1.67,1.33
1,-6.00,4.00,2.25,2.00,2.25,2.50,2.25,2.50,4.75,2.50,4.75,3.00,4.75,1.00,1.25,5.00,1.25,3.50,1.25,3.50,3.75,3.50,3.75,3.75
1,-12.00,8.00,3.00,4.00,11.00,6.00,7.00,8.00,9.00,10.00,5.00,6.00,7.00,8.00,3.00,4.00,5.00,6.00,7.00,2.00,9.00,4.00,5.00,1.00
1,-4.00,2.67,1.50,1.33,2.17,3.00,1.50,3.00,1.17,3.00,2.50,2.00,2.50,2.00,2.83,2.00,1.50,1.00,1.50,1.00,2.50,1.00,2.50,1.83
1,-8.00,5.33,3.67,2.67,1.00,2.00,6.33,4.67,3.00,2.00,3.00,4.00,5.67,4.00,5.00,4.00,2.33,6.00,5.00,6.00,4.33,3.33,1.67,7.00
1,-6.00,2.00,3.00,4.00,1.00,4.00,3.00,2.00,3.00,2.00,5.00,3.00,2.00,2.00,3.00,4.00,4.00,2.00,1.00,4.00,3.00,4.00,3.00,5.00
2,-8.00,2.67,3.00,5.33,3.00,6.00,3.00,6.00,1.00,6.00,3.67,4.00,1.00,4.00,7.00,4.00,7.00,2.00,4.33,2.00,5.00,2.00,5.00,5.00
1,-8.00,5.33,3.00,2.67,4.33,6.00,5.67,3.33,1.00,4.67,2.33,4.00,3.67,1.33,7.00,6.67,4.33,2.00,5.67,3.33,5.00,4.67,2.33,3.67
2,-5.33,1.78,3.00,3.56,2.11,3.33,3.89,2.44,1.00,4.22,2.78,2.67,1.89,3.11,4.33,2.22,3.44,2.00,2.56,1.11,2.33,2.89,1.44,3.22
1,-8.00,5.33,1.00,2.67,6.33,2.00,3.67,5.33,3.00,4.67,4.33,4.00,5.67,5.33,5.00,2.67,2.33,6.00,3.67,3.33,7.00,2.67,4.33,1.67
1,-6.00,2.00,3.75,4.00,1.25,1.50,1.75,3.50,3.75,2.50,1.25,3.00,3.25,5.00,2.25,1.00,2.75,4.50,4.75,3.50,2.25,2.50,4.25,4.75
1,-8.00,4.00,1.00,4.00,5.00,2.00,5.00,2.00,3.00,2.00,3.00,4.00,3.00,4.00,5.00,4.00,5.00,6.00,5.00,6.00,7.00,6.00,3.00,3.00
1,-6.00,2.00,2.00,4.00,4.00,4.00,1.00,2.00,3.00,2.00,2.00,3.00,2.00,2.00,3.00,4.00,4.00,2.00,4.00,4.00,4.00,4.00,5.00,2.00
1,-6.00,2.00,1.25,4.00,1.25,2.50,3.25,2.50,3.75,2.50,3.75,3.00,3.75,5.00,2.25,1.00,2.25,3.50,2.25,3.50,4.75,3.50,2.75,4.75
1,-4.00,1.67,1.00,2.33,2.67,2.00,2.33,2.67,3.00,1.33,2.67,2.00,1.33,2.67,1.00,1.33,2.67,2.00,1.33,2.67,3.00,1.33,1.67,1.33
1,-4.80,1.60,2.60,3.20,2.60,3.60,1.00,2.00,3.00,3.60,1.40,2.40,1.40,2.40,1.80,2.40,3.40,1.20,3.40,1.20,2.20,2.80,3.80,2.20
1,-6.55,4.36,3.00,2.18,1.55,1.64,2.27,4.55,2.45,3.09,1.00,3.27,3.91,4.00,4.09,2.55,2.64,4.91,5.55,3.45,3.55,2.00,4.27,5.00
3,-8.00,5.33,3.00,2.67,5.67,6.00,5.67,3.33,1.00,3.33,6.33,4.00,3.67,1.33,7.00,6.67,4.33,2.00,1.67,4.67,5.00,4.67,2.33,2.33
1,-4.80,3.20,1.80,1.60,2.60,3.60,1.00,2.00,3.00,2.80,1.40,2.40,2.20,3.20,1.80,1.60,2.60,1.20,3.40,2.00,3.00,2.80,3.80,2.20
29,-24.00,8.00,3.00,16.00,11.00,6.00,19.00,14.00,9.00,22.00,17.00,12.00,1.00,20.00,15.00,4.00,23.00,18.00,7.00,2.00,21.00,10.00,5.00,13.00
1,-3.00,1.00,1.00,2.00,1.00,2.00,1.00,2.00,1.00,2.00,1.00,1.50,2.00,2.00,2.00,1.00,1.00,1.00,2.00,1.00,2.00,1.00,2.00,2.00
1,-8.00,2.67,1.00,5.33,2.33,2.00,5.00,2.00,3.00,2.00,3.00,4.00,3.00,4.00,5.00,4.00,5.00,6.00,5.00,6.00,7.00,6.00,3.00,5.67
1,-4.00,2.67,1.00,1.33,1.00,2.00,2.33,2.00,3.00,2.00,3.00,2.00,3.00,2.67,1.00,1.33,1.00,2.00,1.00,2.00,3.00,2.00,1.67,3.00
1,-12.00,4.00,3.00,8.00,7.00,6.00,11.00,10.00,9.00,8.00,7.00,6.00,5.00,4.00,3.00,8.00,7.00,6.00,5.00,4.00,9.00,2.00,1.00,5.00
3,-8.00,5.33,5.00,2.67,2.33,2.00,5.67,3.33,7.00,4.67,4.33,4.00,1.67,1.33,1.00,6.67,6.33,6.00,3.67,3.33,3.00,4.67,2.33,5.67
1,-8.00,5.33,1.00,2.67,2.33,2.00,3.67,3.33,3.00,4.67,2.33,4.00,5.67,3.33,5.00,4.67,2.33,6.00,5.67,3.33,7.00,4.67,4.33,5.67
1,-8.00,4.00,5.00,4.00,5.00,2.00,5.00,2.00,3.00,2.00,7.00,4.00,3.00,4.00,5.00,4.00,5.00,6.00,1.00,6.00,3.00,6.00,3.00,3.00
1,-8.00,4.00,5.00,4.00,3.00,2.00,5.00,6.00,3.00,2.00,5.00,4.00,7.00,4.00,5.00,4.00,1.00,6.00,3.00,6.00,3.00,2.00,3.00,5.00
2,-8.00,5.33,7.00,2.67,4.33,6.00,1.67,3.33,5.00,3.33,2.33,4.00,2.33,1.33,3.00,6.67,5.67,2.00,5.67,4.67,1.00,4.67,6.33,3.67
1,-8.00,5.33,7.00,2.67,5.33,6.00,2.67,5.33,5.00,2.67,5.33,4.00,3.67,5.33,3.00,2.67,4.33,2.00,2.67,5.33,1.00,2.67,5.33,2.67
3,-12.00,4.00,9.00,8.00,7.00,6.00,5.00,4.00,3.00,2.00,7.00,6.00,11.00,4.00,9.00,8.00,1.00,6.00,5.00,10.00,3.00,8.00,7.00,5.00
6,-12.00,4.00,4.50,8.00,8.50,9.00,6.50,1.00,1.50,5.00,5.50,6.00,9.50,10.00,10.50,2.00,2.50,3.00,6.50,7.00,7.50,11.00,5.50,3.50
1,-4.80,2.13,3.80,2.67,1.13,2.80,1.67,3.33,3.40,2.27,2.33,2.40,1.27,1.33,1.40,3.47,3.53,2.00,2.47,2.53,1.00,1.47,3.13,3.67
2,-6.00,2.00,3.00,4.00,5.00,3.00,4.00,2.00,3.00,4.00,5.00,3.00,1.00,2.00,3.00,4.00,5.00,3.00,1.00,2.00,3.00,4.00,2.00,1.00
6,-8.00,2.67,5.00,5.33,5.00,2.00,5.00,2.00,7.00,2.00,7.00,4.00,7.00,4.00,1.00,4.00,1.00,6.00,1.00,6.00,3.00,6.00,3.00,3.00
1,-6.00,2.00,2.25,4.00,2.75,1.50,4.75,3.50,2.25,2.50,4.25,3.00,4.75,5.00,3.75,1.00,1.25,4.50,1.75,3.50,3.75,2.50,1.25,3.25
1,-8.00,4.00,3.00,4.00,7.00,6.00,3.00,6.00,5.00,6.00,5.00,4.00,5.00,4.00,3.00,4.00,3.00,2.00,3.00,2.00,5.00,2.00,5.00,1.00
1,-5.33,3.56,4.33,1.78,2.56,3.33,3.44,1.56,3.67,2.44,1.89,2.67,4.11,2.22,1.67,3.11,1.22,2.00,3.44,2.89,1.00,3.78,1.89,2.78
18,-12.00,8.00,9.00,4.00,5.00,6.00,1.00,2.00,3.00,10.00,11.00,6.00,7.00,8.00,9.00,4.00,5.00,6.00,1.00,2.00,3.00,10.00,11.00,7.00
1,-6.00,2.00,3.00,4.00,2.00,3.00,4.00,2.00,3.00,1.00,2.00,3.00,4.00,2.00,3.00,4.00,2.00,3.00,4.00,5.00,3.00,4.00,2.00,4.00
1,-4.00,2.00,3.00,2.00,3.00,2.00,1.00,2.00,1.00,2.00,1.00,2.00,2.00,3.00,3.00,1.00,2.00,2.00,3.00,2.00,1.00,2.00,3.00,1.00
1,-8.00,2.67,7.00,5.33,4.33,6.00,7.00,6.00,5.00,6.00,5.00,4.00,5.00,4.00,3.00,4.00,3.00,2.00,3.00,2.00,1.00,2.00,1.00,3.67
1,-4.80,1.60,1.00,3.20,2.60,2.00,2.60,2.00,1.40,3.60,1.40,2.40,1.40,2.40,3.40,2.40,3.40,2.80,3.40,1.20,3.80,2.80,2.20,2.20
1,-6.00,4.00,3.00,2.00,3.00,2.00,3.00,2.00,5.00,2.00,5.00,3.00,5.00,4.00,1.00,2.00,1.00,4.00,1.00,4.00,3.00,4.00,3.00,3.00
1,-6.00,4.00,1.25,2.00,3.25,2.50,1.25,2.50,3.75,2.50,1.75,3.00,3.75,1.00,2.25,5.00,2.25,3.50,4.25,3.50,4.75,3.50,4.75,2.75
1,-6.00,4.00,3.00,2.00,5.00,2.00,3.00,2.00,3.00,4.00,5.00,3.00,3.00,2.00,3.00,4.00,3.00,4.00,1.00,2.00,3.00,4.00,3.00,1.00
1,-8.00,2.67,7.00,5.33,2.67,6.00,5.33,2.67,5.00,5.33,2.67,4.00,5.33,2.67,3.00,5.33,2.67,2.00,5.33,2.67,1.00,5.33,2.67,5.33
1,-6.00,4.00,4.50,2.00,3.50,3.00,3.50,4.00,1.50,3.00,2.50,3.00,1.50,1.00,4.50,5.00,4.50,3.00,3.50,3.00,1.50,2.00,2.50,2.50
1,-4.80,3.20,3.00,1.60,3.80,3.60,3.80,2.80,1.80,2.80,2.60,2.40,3.40,3.20,3.00,1.60,1.40,1.20,2.20,2.00,1.80,2.00,1.00,1.00
1,-4.00,1.33,2.33,2.67,1.00,2.00,1.00,2.00,3.00,2.00,3.00,2.00,3.00,1.33,1.00,2.67,1.00,2.00,1.00,2.00,1.67,2.00,3.00,3.00
1,-6.00,4.00,2.25,2.00,3.25,1.50,1.25,2.50,3.75,3.50,4.75,3.00,2.75,1.00,2.25,5.00,3.25,4.50,1.25,2.50,3.75,3.50,4.75,2.75
1,-8.00,2.67,4.33,5.33,7.00,6.00,1.67,3.33,5.00,6.00,5.00,4.00,5.00,4.00,3.00,4.00,3.00,2.00,3.00,2.00,3.67,4.67,6.33,1.00
1,-8.00,5.33,5.00,2.67,5.00,2.00,5.00,2.00,7.00,2.00,5.67,4.00,3.00,4.00,1.00,4.00,5.00,6.00,2.33,6.00,3.00,6.00,3.00,3.00
1,-8.00,2.67,5.00,5.33,2.67,2.00,5.33,2.67,7.00,5.33,2.67,4.00,5.33,2.67,1.00,5.33,2.67,6.00,5.33,2.67,3.00,5.33,2.67,5.33
1,-4.80,1.60,3.00,3.20,1.40,1.20,3.00,1.20,2.60,2.80,2.60,2.40,1.00,2.40,2.20,2.40,3.80,3.60,2.20,2.00,1.80,3.60,1.80,3.40
1,-8.00,4.00,3.00,4.00,3.00,6.00,5.00,6.00,5.00,2.00,1.00,4.00,3.00,4.00,3.00,4.00,5.00,2.00,7.00,6.00,5.00,2.00,3.00,5.00
1,-3.00,1.00,2.00,2.00,1.00,1.00,2.00,1.00,1.00,2.00,1.00,1.50,1.00,1.00,2.00,2.00,2.00,2.00,2.00,1.00,1.00,2.00,1.00,2.00
1,-6.00,2.00,2.25,4.00,1.25,1.50,3.25,3.50,3.75,2.50,2.75,3.00,1.75,5.00,2.25,1.00,4.25,4.50,3.25,3.50,3.75,2.50,2.75,4.75
12,-12.00,4.00,9.00,8.00,1.00,6.00,5.00,10.00,3.00,2.00,7.00,6.00,11.00,4.00,9.00,8.00,1.00,6.00,5.00,10.00,3.00,2.00,7.00,11.00
5,-12.00,8.00,4.50,4.00,6.50,9.00,2.50,5.00,7.50,1.00,3.50,6.00,5.50,2.00,4.50,10.00,6.50,3.00,8.50,11.00,7.50,7.00,9.50,5.50
1,-6.00,4.00,4.50,2.00,2.50,3.00,2.50,5.00,1.50,3.00,3.50,3.00,1.50,2.00,4.50,4.00,4.50,3.00,2.50,3.00,1.50,1.00,3.50,3.50
1,-4.00,2.00,1.00,2.00,3.00,2.00,3.00,2.00,3.00,2.00,3.00,2.00,1.00,2.00,1.00,2.00,3.00,2.00,1.00,2.00,3.00,2.00,1.00,1.00
1,-6.00,2.00,3.75,4.00,1.25,3.00,1.75,3.50,3.75,2.50,4.25,3.00,3.25,5.00,2.25,1.00,2.75,3.00,1.75,3.50,2.25,2.50,4.25,4.75
1,-8.00,2.67,1.00,5.33,3.67,2.00,2.90,4.67,3.00,2.76,5.67,4.00,2.62,5.52,5.00,2.48,5.38,6.00,2.33,5.24,7.00,3.33,5.10,4.33
1,-4.00,2.67,1.50,1.33,1.17,3.00,2.83,1.67,1.50,2.33,1.17,2.00,2.83,1.67,2.50,2.33,1.17,1.00,2.83,1.67,2.50,2.33,1.17,2.83
1,-6.00,4.00,3.75,2.00,4.75,1.50,2.75,2.50,2.25,3.50,1.75,3.00,4.25,1.00,3.75,5.00,1.75,4.50,4.25,2.50,2.25,3.50,3.25,1.25
1,-4.80,3.20,3.30,1.60,1.70,1.80,2.50,2.60,2.70,1.00,1.10,2.40,1.90,2.00,2.10,2.80,2.90,3.00,3.70,3.80,1.50,2.20,2.30,3.10
1,-6.00,2.00,3.00,4.00,3.00,4.00,3.00,4.00,1.00,4.00,1.00,3.00,1.00,2.00,5.00,4.00,5.00,2.00,5.00,2.00,3.00,2.00,3.00,3.00
1,-4.00,2.67,2.50,1.33,2.50,1.00,1.17,1.00,1.50,1.00,2.17,2.00,1.50,2.00,2.50,2.00,2.50,3.00,1.83,3.00,1.50,3.00,2.83,1.50
2,-6.32,2.11,3.32,4.21,2.89,1.58,5.00,3.68,2.37,2.00,4.47,3.16,5.32,4.00,3.95,2.32,1.00,4.74,1.84,4.32,3.00,2.63,1.32,3.42
1,-4.00,2.67,2.50,1.33,1.67,1.00,1.33,2.67,3.00,1.33,2.67,2.00,1.33,2.67,1.00,1.33,2.67,3.00,1.33,2.67,1.50,1.33,2.67,2.33
1,-8.00,2.67,5.00,5.33,5.00,2.00,5.00,2.00,3.00,2.00,4.33,4.00,7.00,4.00,5.00,4.00,1.00,6.00,3.67,6.00,3.00,6.00,3.00,3.00
2,-8.00,2.67,7.00,5.33,4.33,6.00,4.33,3.33,5.00,3.33,2.33,4.00,2.33,6.67,3.00,1.33,5.67,2.00,5.67,4.67,1.00,4.67,3.67,3.67
3,-8.00,5.33,7.00,2.67,4.33,6.00,5.67,3.33,5.00,4.67,2.33,4.00,3.67,1.33,3.00,6.67,4.33,2.00,5.67,3.33,1.00,4.67,2.33,3.67
1,-4.80,2.80,1.80,2.00,1.00,3.60,2.60,2.80,1.80,2.00,1.00,2.40,3.80,2.80,3.00,2.00,1.00,1.20,3.80,2.80,3.00,2.00,2.20,3.80
3,-6.00,2.00,3.00,4.00,5.00,1.50,1.00,2.00,3.00,4.00,5.00,3.00,1.00,2.00,3.00,4.00,5.00,4.50,1.00,2.00,3.00,4.00,5.00,1.00
21,-24.00,16.00,3.00,8.00,19.00,6.00,11.00,22.00,9.00,14.00,1.00,12.00,17.00,4.00,15.00,20.00,7.00,18.00,23.00,10.00,21.00,2.00,13.00,5.00
1,-4.00,1.33,1.00,2.67,2.33,2.00,2.67,1.33,3.00,2.67,1.33,2.00,1.67,1.33,1.00,2.67,2.33,2.00,2.67,1.33,3.00,2.67,1.33,1.67
1,-6.00,2.00,2.25,4.00,2.75,1.50,4.75,3.50,2.25,2.50,2.75,3.00,4.75,5.00,3.75,1.00,1.25,4.50,3.25,3.50,3.75,2.50,1.25,3.25
1,-8.00,5.33,3.00,2.67,3.00,6.00,5.67,3.33,1.00,6.00,6.33,4.00,3.67,4.00,7.00,4.00,4.33,2.00,1.67,2.00,5.00,4.67,2.33,5.00
1,-4.00,1.33,1.83,2.67,1.83,1.00,2.50,1.00,1.50,1.00,2.83,2.00,1.50,2.00,2.50,2.00,2.50,3.00,1.17,3.00,2.17,3.00,1.50,2.17
1,-6.00,4.00,2.25,2.00,4.75,4.50,4.25,2.50,2.25,3.50,3.25,3.00,2.75,1.00,3.75,5.00,3.25,1.50,2.75,2.50,3.75,3.50,1.75,1.25
1,-8.00,2.67,1.00,5.33,3.67,2.00,6.33,4.67,3.00,3.33,5.67,4.00,4.33,2.67,5.00,5.33,3.67,6.00,2.33,4.67,7.00,3.33,1.67,4.33
1,-4.17,1.39,3.00,2.78,1.26,1.83,2.65,2.17,1.17,2.52,1.00,2.09,1.35,2.43,3.00,1.74,2.83,2.35,3.17,1.65,1.17,2.00,1.52,2.91
1,-4.00,2.00,2.50,2.00,2.50,3.00,2.50,3.00,2.50,1.00,2.50,2.00,1.50,2.00,1.50,2.00,2.50,1.00,1.50,3.00,1.50,1.00,1.50,1.50
7,-12.00,8.00,7.50,4.00,3.50,3.00,5.50,11.00,10.50,7.00,6.50,6.00,2.50,2.00,1.50,10.00,9.50,9.00,5.50,5.00,4.50,1.00,6.50,8.50
1,-8.00,2.67,7.00,5.33,1.67,6.00,4.33,6.00,5.00,3.33,5.00,4.00,5.00,4.00,3.00,4.00,3.00,2.00,3.00,4.67,1.00,2.00,3.67,6.33
1,-6.00,2.00,4.50,4.00,2.00,3.00,2.50,5.00,1.50,4.00,3.50,3.00,2.50,2.00,4.50,4.00,3.50,3.00,2.50,2.00,1.50,1.00,3.50,4.00
1,-4.80,3.20,1.80,1.60,2.00,3.60,1.60,3.20,2.20,2.00,2.20,2.40,3.80,3.20,2.60,1.60,1.00,1.20,2.60,2.80,3.00,1.60,3.20,2.80
1,-4.80,3.20,3.00,1.60,1.40,2.80,3.00,3.20,3.40,2.80,2.60,2.40,1.00,3.20,1.40,1.60,3.80,2.00,2.20,2.00,1.80,1.60,1.80,3.40
1,-8.00,2.67,7.00,5.33,1.67,6.00,4.33,4.67,5.00,3.33,3.67,4.00,6.33,2.67,3.00,5.33,1.67,2.00,4.33,4.67,1.00,3.33,3.67,6.33
1,-4.80,1.60,1.80,3.20,1.00,2.40,1.40,2.80,3.00,2.00,3.40,2.40,1.40,1.60,1.80,3.20,3.40,2.40,1.40,2.80,3.00,2.00,3.40,3.80
1,-3.00,2.00,2.00,1.00,2.00,1.00,2.00,1.00,1.00,1.00,1.00,1.50,1.00,2.00,2.00,1.00,2.00,2.00,2.00,2.00,1.00,2.00,1.00,1.00
1,-5.33,2.22,4.33,3.11,1.22,3.33,2.11,4.22,3.67,2.44,3.22,2.67,1.44,2.22,1.67,3.11,3.89,2.00,2.11,2.89,1.00,1.11,3.22,4.11
2,-8.00,5.33,5.00,2.67,5.00,2.00,5.00,2.00,7.00,2.00,4.33,4.00,7.00,4.00,1.00,4.00,1.00,6.00,3.67,6.00,3.00,6.00,3.00,3.00
3,-8.00,4.00,3.00,4.00,1.00,6.00,5.00,2.00,3.00,2.00,3.00,4.00,3.00,4.00,5.00,4.00,5.00,2.00,5.00,6.00,5.00,6.00,3.00,7.00
3,-8.00,4.00,1.00,4.00,1.00,2.00,5.00,2.00,3.00,2.00,3.00,4.00,3.00,4.00,5.00,4.00,5.00,6.00,5.00,6.00,7.00,6.00,3.00,7.00
1,-5.33,2.67,3.00,2.67,3.00,3.33,3.00,3.33,1.00,3.33,3.67,2.67,1.00,4.00,4.33,1.33,4.33,2.00,1.67,2.00,2.33,2.00,2.33,2.33
1,-8.00,5.33,7.00,2.67,4.33,6.00,1.67,3.33,5.00,6.00,5.00,4.00,5.00,4.00,3.00,4.00,3.00,2.00,3.00,2.00,1.00,4.67,6.33,3.67
1,-8.00,5.33,5.00,2.67,5.00,2.00,2.33,2.00,4.33,4.67,7.00,4.00,4.33,4.00,3.67,4.00,3.67,6.00,1.00,3.33,3.00,6.00,5.67,3.00
3,-12.00,8.00,10.50,4.00,6.50,9.00,2.50,5.00,7.50,1.00,3.50,6.00,5.50,2.00,4.50,10.00,6.50,3.00,8.50,11.00,1.50,7.00,9.50,5.50
1,-8.00,5.33,5.00,2.67,2.33,2.00,3.67,3.33,7.00,4.67,4.33,4.00,5.67,1.33,1.00,6.67,2.33,6.00,3.67,3.33,3.00,4.67,4.33,5.67
1,-6.55,2.91,1.91,3.64,2.64,1.64,5.55,4.55,3.55,3.09,2.09,3.27,5.00,4.00,3.00,2.55,1.55,4.91,4.45,3.45,4.64,2.00,1.00,3.91
1,-8.00,2.67,3.00,5.33,3.00,6.00,3.00,6.00,1.00,6.00,3.67,4.00,5.00,4.00,7.00,4.00,3.00,2.00,4.33,2.00,5.00,2.00,5.00,5.00
1,-6.00,4.00,3.75,2.00,1.75,1.50,4.75,3.50,2.25,3.50,3.25,3.00,1.25,1.00,3.75,5.00,4.75,4.50,2.75,2.50,2.25,2.50,1.25,4.25
1,-8.00,4.00,7.00,4.00,5.00,6.00,3.00,6.00,5.00,2.00,5.00,4.00,3.00,4.00,3.00,4.00,5.00,2.00,3.00,6.00,1.00,2.00,5.00,3.00
1,-6.00,4.00,4.50,2.00,2.50,3.00,3.50,1.00,4.50,2.00,2.50,3.00,3.50,4.00,1.50,2.00,2.50,3.00,3.50,4.00,1.50,5.00,2.50,3.50
1,-6.00,2.00,2.25,4.00,1.25,4.50,3.25,3.50,3.75,2.50,4.25,3.00,1.75,5.00,2.25,1.00,4.25,1.50,1.75,3.50,3.75,2.50,2.75,4.75
1,-6.55,3.64,1.91,2.91,5.55,3.82,4.82,3.09,3.55,4.55,5.00,3.27,2.09,2.55,3.00,4.00,4.45,2.73,1.55,2.00,4.64,3.45,1.73,1.00
2,-8.00,2.67,7.00,5.33,1.67,6.00,4.33,2.67,5.00,3.33,3.67,4.00,2.33,2.67,3.00,5.33,5.67,2.00,4.33,4.67,1.00,5.33,3.67,6.33
1,-8.00,2.67,1.00,5.33,3.67,2.00,6.33,4.67,3.00,4.67,5.67,4.00,5.67,6.67,5.00,1.33,2.33,6.00,2.33,3.33,7.00,3.33,1.67,4.33
1,-6.00,4.00,4.00,2.00,4.00,2.00,4.00,2.00,2.00,4.00,5.00,3.00,3.00,3.00,4.00,3.00,3.00,4.00,1.00,2.00,2.00,4.00,2.00,2.00
7,-8.00,5.33,7.00,2.67,7.00,6.00,7.00,6.00,5.00,6.00,5.00,4.00,5.00,4.00,3.00,4.00,3.00,2.00,3.00,2.00,1.00,2.00,1.00,1.00
2,-4.00,2.00,3.00,2.00,3.00,2.00,2.00,2.00,1.00,2.00,1.00,2.00,3.00,1.00,3.00,3.00,1.00,2.00,3.00,2.00,1.00,2.00,2.00,1.00
1,-8.00,5.33,3.67,2.67,1.00,2.00,5.00,2.00,3.00,2.00,3.00,4.00,3.00,4.00,5.00,4.00,5.00,6.00,5.00,6.00,4.33,6.00,3.00,7.00
1,-6.00,2.00,2.25,4.00,4.25,4.50,1.25,2.50,3.75,2.50,2.75,3.00,4.75,5.00,2.25,1.00,1.25,1.50,3.25,3.50,3.75,3.50,4.75,1.75
1,-8.00,2.67,1.00,5.33,3.67,2.00,5.33,2.67,3.00,3.33,2.67,4.00,4.33,2.67,5.00,5.33,3.67,6.00,5.33,4.67,7.00,5.33,2.67,4.33
2,-8.00,4.00,1.00,4.00,5.00,2.00,1.00,2.00,3.00,2.00,3.00,4.00,3.00,4.00,5.00,4.00,5.00,6.00,5.00,6.00,7.00,6.00,7.00,3.00
1,-8.00,2.67,5.00,5.33,2.33,2.00,2.33,4.67,7.00,4.67,4.33,4.00,4.33,6.67,1.00,1.33,3.67,6.00,3.67,3.33,3.00,3.33,5.67,5.67
1,-4.36,2.91,3.00,1.45,3.36,1.64,2.64,3.09,1.36,2.36,2.82,2.18,2.82,2.55,3.00,1.82,1.55,2.73,1.55,2.00,1.36,1.27,1.73,1.00
6,-6.00,4.00,3.00,2.00,1.00,1.50,5.00,4.00,3.00,2.00,1.00,3.00,5.00,4.00,3.00,2.00,1.00,4.50,5.00,4.00,3.00,2.00,1.00,5.00
1,-4.00,1.33,1.00,2.67,1.67,2.00,1.00,2.00,3.00,2.00,1.00,2.00,1.67,1.33,1.00,2.67,2.33,2.00,3.00,2.00,3.00,2.00,3.00,2.33
3,-8.00,2.67,7.00,5.33,1.67,6.00,4.33,4.67,5.00,3.33,3.67,4.00,2.33,6.67,3.00,1.33,5.67,2.00,4.33,4.67,1.00,3.33,3.67,6.33
1,-4.00,1.33,1.00,2.67,1.00,2.00,2.33,2.00,3.00,2.00,3.00,2.00,3.00,1.33,1.00,2.67,1.00,2.00,1.00,2.00,3.00,2.00,1.67,3.00
1,-4.00,2.00,3.00,2.00,3.00,2.00,1.00,2.00,1.00,2.00,1.00,2.00,1.00,2.00,3.00,2.00,3.00,2.00,3.00,2.00,1.00,2.00,3.00,1.00
1,-8.00,2.67,5.00,5.33,3.67,2.00,2.33,4.67,7.00,5.33,1.67,4.00,4.33,2.67,1.00,5.33,3.67,6.00,6.33,2.67,3.00,3.33,5.67,4.33
2,-6.00,2.00,3.00,4.00,5.00,1.50,1.00,2.00,3.00,4.00,3.50,3.00,1.00,2.00,3.00,4.00,5.00,4.50,2.50,2.00,3.00,4.00,5.00,1.00
2,-8.00,2.67,3.00,5.33,5.67,6.00,5.67,3.33,1.00,3.33,3.67,4.00,3.67,6.67,7.00,1.33,4.33,2.00,4.33,4.67,5.00,4.67,2.33,2.33
2,-8.00,4.00,3.00,4.00,3.00,6.00,7.00,6.00,5.00,6.00,5.00,4.00,5.00,4.00,3.00,4.00,3.00,2.00,3.00,2.00,5.00,2.00,1.00,5.00
1,-4.80,1.60,2.60,3.20,3.80,1.20,1.00,2.00,1.80,2.80,2.60,2.40,1.00,2.00,3.00,2.80,3.80,3.60,2.20,2.00,2.20,2.80,3.80,1.00
1,-8.00,2.67,5.00,5.33,2.87,2.00,5.53,3.07,7.00,5.73,3.27,4.00,5.13,3.47,1.00,4.53,2.87,6.00,4.73,2.27,3.00,4.93,2.47,5.13
5,-12.00,4.00,3.00,8.00,7.00,6.00,11.00,10.00,9.00,2.00,7.00,6.00,5.00,4.00,3.00,8.00,7.00,6.00,5.00,10.00,9.00,2.00,1.00,5.00
1,-8.00,4.00,3.00,4.00,7.00,6.00,3.00,2.00,5.00,6.00,5.00,4.00,1.00,4.00,3.00,4.00,7.00,2.00,3.00,2.00,5.00,6.00,5.00,1.00
1,-6.00,4.00,3.00,2.00,2.50,1.50,5.00,4.00,3.00,2.00,4.00,3.00,5.00,4.00,3.00,2.00,1.00,4.50,2.00,4.00,3.00,2.00,1.00,3.50
1,-3.00,2.00,2.00,1.00,2.00,1.00,2.00,2.00,1.00,2.00,1.00,1.50,2.00,2.00,2.00,1.00,1.00,2.00,2.00,1.00,1.00,1.00,1.00,1.00
1,-4.00,2.00,1.00,2.00,1.00,2.00,1.00,2.00,3.00,2.00,1.00,2.00,1.00,2.00,1.00,2.00,3.00,2.00,3.00,2.00,3.00,2.00,3.00,3.00
2,-8.00,4.00,3.00,4.00,3.00,6.00,7.00,6.00,5.00,2.00,1.00,4.00,5.00,4.00,3.00,4.00,3.00,2.00,7.00,6.00,5.00,2.00,1.00,5.00
1,-5.54,3.08,2.54,2.46,3.31,1.38,3.15,3.54,2.08,2.00,3.77,2.77,4.54,4.00,3.46,1.54,1.00,4.15,1.77,3.54,3.00,2.00,2.38,2.23
2,-8.00,2.67,5.00,5.33,5.67,2.00,2.33,4.67,7.00,3.33,1.67,4.00,4.33,6.67,1.00,1.33,3.67,6.00,6.33,4.67,3.00,3.33,5.67,2.33
1,-8.00,2.67,3.67,5.33,3.67,2.00,1.00,2.00,3.00,4.67,5.67,4.00,3.00,4.00,5.00,4.00,5.00,6.00,2.33,3.33,4.33,6.00,7.00,4.33
1,-5.54,2.46,3.46,3.08,4.08,1.38,1.00,2.00,3.00,2.62,3.62,2.77,1.46,1.54,2.54,4.00,4.08,4.15,1.92,2.92,2.08,3.54,4.54,1.46
1,-8.00,4.00,5.00,4.00,5.00,6.00,5.00,2.00,3.00,2.00,7.00,4.00,3.00,4.00,5.00,4.00,5.00,2.00,1.00,6.00,3.00,6.00,3.00,3.00
1,-4.80,1.60,1.40,3.20,3.00,1.20,1.40,2.80,2.60,1.20,1.00,2.40,2.60,2.40,2.20,2.40,2.20,3.60,3.80,3.60,3.40,2.00,3.40,1.80
1,-4.00,1.33,3.00,2.67,1.33,2.00,2.67,1.33,3.00,2.67,2.33,2.00,2.67,1.33,1.00,2.67,1.33,2.00,1.67,1.33,1.00,2.67,1.33,2.67
1,-4.80,3.20,3.00,1.60,1.40,1.20,3.80,2.80,1.80,2.00,1.00,2.40,3.40,3.20,3.00,1.60,1.40,3.60,3.80,2.80,1.80,2.00,1.00,3.40
1,-8.00,2.67,7.00,5.33,7.00,6.00,4.33,6.00,5.00,6.00,5.00,4.00,5.00,4.00,3.00,4.00,3.00,2.00,3.00,2.00,1.00,2.00,3.67,1.00
1,-4.00,2.33,3.00,1.67,2.33,2.00,2.67,1.33,3.00,2.67,1.33,2.00,2.67,1.33,1.00,2.67,1.33,2.00,2.67,1.33,1.00,2.67,1.33,1.67
1,-8.00,5.33,3.67,2.67,3.67,2.00,1.00,2.00,3.00,4.67,5.67,4.00,3.00,4.00,5.00,4.00,5.00,6.00,2.33,3.33,4.33,6.00,7.00,4.33
1,-3.00,1.00,1.00,2.00,1.00,2.00,2.00,1.00,2.00,2.00,1.00,1.50,1.00,1.00,1.00,2.00,2.00,1.00,2.00,1.00,2.00,2.00,1.00,2.00
1,-8.00,5.33,1.00,2.67,5.33,2.00,2.67,5.33,3.00,2.67,5.33,4.00,3.67,5.33,5.00,2.67,4.33,6.00,2.67,5.33,7.00,2.67,5.33,2.67
1,-5.33,2.67,1.00,2.67,1.00,2.00,3.67,2.00,3.00,2.00,3.00,2.67,3.00,4.00,2.33,1.33,2.33,3.33,2.33,3.33,4.33,3.33,1.67,4.33
1,-6.00,4.00,4.50,2.00,2.50,3.00,3.50,1.00,3.00,2.00,4.00,3.00,2.00,4.00,3.00,2.00,4.00,3.00,2.00,4.00,1.50,5.00,2.50,3.50
3,-8.00,5.33,5.00,2.67,5.00,2.00,5.00,2.00,7.00,2.00,7.00,4.00,4.33,4.00,1.00,4.00,3.67,6.00,1.00,6.00,3.00,6.00,3.00,3.00
1,-12.00,4.00,3.00,8.00,7.00,6.00,5.00,10.00,3.00,8.00,1.00,6.00,5.00,4.00,9.00,8.00,7.00,6.00,11.00,4.00,9.00,2.00,7.00,5.00
1,-8.00,4.00,5.00,4.00,5.00,2.00,5.00,2.00,7.00,2.00,7.00,4.00,3.00,4.00,1.00,4.00,5.00,6.00,1.00,6.00,3.00,6.00,3.00,3.00
1,-6.00,2.00,3.00,4.00,3.50,1.50,1.00,2.00,3.00,4.00,5.00,3.00,1.00,2.00,3.00,4.00,5.00,4.50,1.00,2.00,3.00,4.00,5.00,2.50
1,-5.33,2.67,1.67,2.67,1.67,3.33,3.00,3.33,3.67,3.33,3.67,2.67,1.00,4.00,1.67,1.33,4.33,2.00,1.67,2.00,3.67,2.00,2.33,3.67
1,-8.00,2.67,5.00,5.33,5.00,2.00,5.00,2.00,7.00,2.00,4.33,4.00,7.00,4.00,1.00,4.00,1.00,6.00,3.67,6.00,3.00,6.00,3.00,3.00
2,-12.00,4.00,9.00,8.00,1.00,6.00,5.00,10.00,3.00,2.00,7.00,6.00,5.00,4.00,9.00,8.00,7.00,6.00,5.00,10.00,3.00,2.00,7.00,11.00
1,-8.00,2.67,5.00,5.33,5.00,2.00,5.00,2.00,4.33,2.00,7.00,4.00,7.00,4.00,3.67,4.00,1.00,6.00,1.00,6.00,3.00,6.00,3.00,3.00
1,-4.00,2.67,1.00,1.33,1.00,2.00,2.33,2.00,3.00,2.00,1.67,2.00,3.00,2.67,1.00,1.33,1.00,2.00,2.33,2.00,3.00,2.00,1.67,3.00
1,-8.00,3.56,3.00,4.44,3.89,6.00,4.78,4.22,1.00,5.11,1.89,4.00,5.44,2.22,7.00,5.78,2.56,2.00,6.11,2.89,5.00,3.78,3.22,4.11
1,-6.00,2.00,1.50,4.00,1.50,3.00,1.50,3.00,4.50,3.00,4.50,3.00,3.50,5.00,1.50,1.00,2.50,3.00,1.50,3.00,4.50,3.00,4.50,4.50
2,-12.00,4.00,4.50,8.00,8.50,9.00,6.50,1.00,7.50,5.00,5.50,6.00,3.50,10.00,4.50,2.00,8.50,3.00,6.50,7.00,7.50,11.00,5.50,3.50
5,-8.00,5.33,3.00,2.67,3.00,6.00,3.00,6.00,1.00,6.00,1.00,4.00,1.00,4.00,7.00,4.00,7.00,2.00,7.00,2.00,5.00,2.00,5.00,5.00
1,-6.00,2.00,4.75,4.00,2.75,3.50,4.75,3.50,2.25,3.50,2.25,3.00,2.25,5.00,3.75,1.00,3.75,2.50,3.75,2.50,1.25,2.50,1.25,3.25
1,-8.00,2.67,3.00,5.33,2.67,6.00,4.33,2.67,1.00,4.33,2.67,4.00,5.33,2.67,7.00,5.33,2.67,2.00,5.33,3.67,5.00,5.33,3.67,5.33
1,-4.80,3.20,1.80,1.60,2.60,1.20,3.40,2.00,1.80,2.80,3.80,2.40,3.40,2.00,3.00,2.80,1.40,3.60,1.00,2.00,3.00,2.80,1.40,2.20
1,-8.00,5.33,5.00,2.67,5.00,2.00,5.00,2.00,3.00,4.67,7.00,4.00,4.33,4.00,5.00,4.00,3.67,6.00,1.00,3.33,3.00,6.00,3.00,3.00
1,-5.33,2.67,4.33,2.67,1.67,3.33,4.33,3.33,2.33,3.33,3.67,2.67,2.33,4.00,3.00,1.33,3.00,2.00,1.67,2.00,1.00,2.00,1.00,3.67
1,-6.00,2.00,3.00,4.00,3.50,4.50,2.50,3.50,1.50,4.00,3.50,3.00,1.00,2.00,4.50,4.00,5.00,1.50,2.50,2.00,3.00,2.50,3.50,2.50
1,-8.00,2.67,5.00,5.33,3.67,2.00,2.33,4.67,7.00,3.33,1.67,4.00,4.33,2.67,1.00,5.33,3.67,6.00,6.33,4.67,3.00,3.33,5.67,4.33
1,-4.00,2.00,1.00,2.00,1.00,2.00,1.00,2.00,3.00,2.00,1.00,2.00,3.00,2.00,1.00,2.00,1.00,2.00,3.00,2.00,3.00,2.00,3.00,3.00
1,-6.00,4.00,1.50,2.00,1.50,3.00,2.50,3.00,4.50,3.00,4.50,3.00,4.50,1.00,1.50,5.00,1.50,3.00,1.50,3.00,4.50,3.00,3.50,4.50
1,-6.00,2.00,3.00,4.00,2.00,3.00,1.00,2.00,3.00,4.00,5.00,3.00,4.00,2.00,3.00,4.00,2.00,3.00,1.00,2.00,3.00,4.00,5.00,4.00
6,-12.00,8.00,4.50,4.00,6.50,9.00,8.50,5.00,7.50,1.00,9.50,6.00,5.50,2.00,4.50,10.00,6.50,3.00,2.50,11.00,7.50,7.00,3.50,5.50
1,-6.00,4.00,2.25,2.00,4.25,4.50,2.25,2.50,2.75,2.50,4.75,3.00,2.75,1.00,3.25,5.00,3.25,1.50,1.25,3.50,3.75,3.50,3.75,1.75
1,-4.00,2.00,3.00,2.00,1.00,2.00,1.00,2.00,3.00,2.00,1.00,2.00,1.00,2.00,1.00,2.00,3.00,2.00,3.00,2.00,1.00,2.00,3.00,3.00
1,-8.00,5.33,3.00,2.67,5.67,6.00,5.67,3.33,1.00,3.33,6.33,4.00,3.67,4.00,7.00,4.00,4.33,2.00,1.67,4.67,5.00,4.67,2.33,2.33
4,-12.00,4.00,7.50,8.00,5.50,3.00,9.50,7.00,4.50,11.00,8.50,6.00,6.50,10.00,7.50,2.00,5.50,9.00,3.50,1.00,4.50,5.00,2.50,6.50
1,-6.00,2.00,1.50,4.00,1.50,3.00,1.50,3.00,3.50,3.00,4.50,3.00,4.50,5.00,2.50,1.00,1.50,3.00,1.50,3.00,4.50,3.00,4.50,4.50
1,-8.00,5.33,7.00,2.67,5.67,6.00,4.33,4.67,5.00,3.33,5.00,4.00,2.33,5.33,3.00,2.67,5.67,2.00,3.00,4.67,1.00,3.33,3.67,2.33
2,-6.00,4.00,2.25,2.00,3.25,4.50,1.25,2.50,3.75,2.50,1.75,3.00,4.75,1.00,2.25,5.00,1.25,1.50,4.25,3.50,3.75,3.50,4.75,2.75
1,-5.05,1.68,3.00,3.37,1.53,3.47,2.58,3.89,1.42,3.05,3.11,2.53,1.00,2.32,3.63,2.74,4.05,1.58,1.95,2.00,2.05,1.16,2.47,3.53
2,-12.00,8.00,7.50,4.00,3.50,3.00,5.50,11.00,4.50,7.00,6.50,6.00,2.50,2.00,7.50,10.00,9.50,9.00,5.50,5.00,4.50,1.00,6.50,8.50
1,-8.00,5.33,5.00,2.67,5.00,2.00,2.33,4.67,7.00,2.00,4.33,4.00,4.33,4.00,1.00,4.00,3.67,6.00,3.67,6.00,3.00,3.33,5.67,3.00
1,-6.00,4.00,1.50,2.00,2.50,3.00,2.50,3.00,4.50,3.00,4.50,3.00,4.50,1.00,1.50,5.00,1.50,3.00,1.50,3.00,4.50,3.00,3.50,3.50
1,-4.00,1.33,2.00,2.67,1.33,1.00,2.67,1.33,3.00,1.67,2.33,2.00,1.67,1.33,1.00,2.67,2.33,3.00,1.67,2.33,2.00,2.67,1.33,2.67
1,-8.00,5.33,1.00,2.67,6.33,2.00,3.67,3.33,3.00,4.67,2.33,4.00,5.67,1.33,5.00,6.67,2.33,6.00,5.67,3.33,7.00,4.67,4.33,1.67
2,-6.00,4.00,3.00,2.00,1.00,4.50,5.00,4.00,3.00,2.00,2.50,3.00,5.00,4.00,3.00,2.00,1.00,1.50,3.50,4.00,3.00,2.00,1.00,5.00
1,-4.80,1.60,1.80,3.20,1.00,3.60,2.60,2.80,3.00,2.00,2.20,2.40,3.80,1.60,1.80,3.20,1.00,1.20,2.60,2.80,3.00,2.00,2.20,3.80
1,-4.00,2.67,3.00,1.33,2.67,2.00,1.33,1.67,1.00,1.33,2.67,2.00,1.33,2.67,3.00,1.33,2.67,2.00,1.33,2.67,1.00,2.33,2.67,1.33
1,-6.00,2.00,3.00,4.00,5.00,3.00,4.00,5.00,3.00,4.00,2.00,3.00,4.00,2.00,3.00,4.00,2.00,3.00,4.00,2.00,3.00,1.00,2.00,1.00
1,-4.00,2.00,3.00,2.00,3.00,2.00,1.00,2.00,1.00,2.00,3.00,2.00,1.00,2.00,3.00,2.00,3.00,2.00,1.00,2.00,1.00,2.00,3.00,1.00
1,-8.00,2.67,5.00,5.33,5.00,2.00,5.00,4.67,7.00,2.00,1.67,4.00,4.33,4.00,1.00,4.00,3.67,6.00,6.33,6.00,3.00,3.33,3.00,3.00
1,-6.00,4.00,5.00,2.00,5.00,4.00,5.00,4.00,3.00,4.00,3.00,3.00,3.00,4.00,3.00,2.00,3.00,2.00,3.00,2.00,1.00,2.00,1.00,1.00
4,-6.00,2.00,1.50,4.00,1.50,3.00,1.50,3.00,4.50,3.00,4.50,3.00,4.50,5.00,1.50,1.00,1.50,3.00,1.50,3.00,4.50,3.00,4.50,4.50
1,-8.00,4.00,5.00,4.00,5.00,6.00,1.00,2.00,3.00,6.00,3.00,4.00,3.00,4.00,5.00,4.00,5.00,2.00,5.00,2.00,3.00,6.00,7.00,3.00
1,-8.00,2.67,3.00,5.33,1.67,6.00,4.33,2.67,1.00,3.33,3.67,4.00,4.33,2.67,7.00,5.33,3.67,2.00,4.33,4.67,5.00,5.33,3.67,6.33
1,-8.00,5.33,1.00,2.67,5.33,2.00,2.67,5.33,3.00,2.67,4.33,4.00,2.67,5.33,5.00,2.67,5.33,6.00,3.67,5.33,7.00,2.67,5.33,2.67
1,-12.00,8.00,7.50,4.00,9.50,3.00,5.50,11.00,4.50,7.00,6.50,6.00,8.50,2.00,7.50,10.00,3.50,9.00,5.50,5.00,4.50,1.00,6.50,2.50
1,-8.00,2.67,3.00,5.33,4.67,6.00,5.33,2.67,1.00,4.33,2.67,4.00,4.33,2.67,7.00,5.33,3.67,2.00,5.33,3.67,5.00,5.33,2.67,3.33
1,-6.00,4.00,1.50,2.00,1.50,3.00,1.50,3.00,4.50,3.00,3.50,3.00,4.50,1.00,1.50,5.00,1.50,3.00,2.50,3.00,4.50,3.00,4.50,4.50
1,-8.00,2.67,5.67,5.33,7.00,6.00,3.00,6.00,5.00,6.00,5.00,4.00,5.00,4.00,3.00,4.00,3.00,2.00,3.00,2.00,2.33,2.00,5.00,1.00
1,-4.80,1.60,1.80,3.20,3.40,3.60,3.40,2.00,3.00,2.00,3.80,2.40,2.20,1.60,1.80,3.20,2.60,1.20,1.00,2.80,3.00,2.80,1.40,1.40
1,-4.80,1.60,2.20,3.20,3.80,1.20,2.20,1.20,1.80,2.80,3.40,2.40,3.40,2.40,3.00,2.40,1.40,3.60,1.40,2.00,2.60,3.60,2.60,1.00
1,-3.00,1.00,2.00,2.00,1.00,1.00,1.00,1.00,1.00,2.00,2.00,1.50,2.00,2.00,2.00,1.00,1.00,2.00,1.00,1.00,1.00,2.00,2.00,2.00
1,-8.00,5.33,3.67,2.67,1.00,2.00,1.00,2.00,3.00,2.00,3.00,4.00,3.00,4.00,5.00,4.00,5.00,6.00,5.00,6.00,4.33,6.00,7.00,7.00
1,-6.00,4.00,3.00,2.00,1.00,3.00,2.00,4.00,3.00,2.00,4.00,3.00,2.00,1.00,3.00,5.00,4.00,3.00,2.00,4.00,3.00,2.00,4.00,5.00
1,-4.62,1.54,1.62,3.08,1.31,3.23,1.92,2.00,3.00,1.69,3.62,2.31,2.38,1.54,1.62,3.08,2.23,1.38,1.00,2.92,3.00,2.62,2.69,3.31
2,-8.00,5.33,1.00,2.67,2.33,2.00,3.67,3.33,3.00,4.67,4.33,4.00,5.67,1.33,5.00,6.67,2.33,6.00,3.67,3.33,7.00,4.67,4.33,5.67
1,-8.00,5.33,3.00,2.67,3.00,3.33,3.00,6.00,2.33,6.00,1.00,4.00,5.00,4.00,5.67,4.00,3.00,4.67,7.00,2.00,5.00,2.00,5.00,5.00
2,-4.00,2.00,3.00,2.00,3.00,2.00,3.00,2.00,3.00,2.00,1.00,2.00,3.00,2.00,1.00,2.00,1.00,2.00,3.00,2.00,1.00,2.00,1.00,1.00
1,-8.00,2.67,3.00,5.33,5.67,6.00,4.33,4.67,1.00,3.33,3.67,4.00,6.33,6.67,7.00,1.33,1.67,2.00,4.33,4.67,5.00,3.33,3.67,2.33
1,-8.00,2.67,3.00,5.33,5.67,6.00,5.67,3.33,1.00,3.33,3.67,4.00,6.33,6.67,7.00,1.33,1.67,2.00,4.33,4.67,5.00,4.67,2.33,2.33
1,-8.00,2.67,7.00,5.33,3.67,6.00,4.33,4.67,5.00,3.33,5.67,4.00,2.33,6.67,3.00,1.33,5.67,2.00,2.33,4.67,1.00,3.33,3.67,4.33
1,-8.00,4.00,7.00,4.00,5.00,6.00,3.00,6.00,5.00,2.00,5.00,4.00,5.00,4.00,3.00,4.00,3.00,2.00,3.00,6.00,1.00,2.00,5.00,3.00
1,-8.00,5.33,7.00,2.67,4.33,6.00,3.00,6.00,5.00,3.33,5.00,4.00,2.33,4.00,3.00,4.00,5.67,2.00,3.00,4.67,1.00,2.00,5.00,3.67
1,-6.00,4.00,2.25,2.00,3.25,1.50,4.25,2.50,3.75,3.50,4.75,3.00,2.75,1.00,2.25,5.00,3.25,4.50,1.25,2.50,3.75,3.50,1.75,2.75
1,-5.33,1.78,1.00,3.56,1.44,2.00,3.22,1.11,3.00,2.89,2.11,2.67,1.22,3.11,2.33,2.22,4.11,3.33,3.22,2.44,4.33,4.22,2.11,3.89
1,-8.00,5.33,3.00,2.67,3.00,6.00,3.00,3.33,1.00,6.00,6.33,4.00,3.67,4.00,7.00,4.00,4.33,2.00,1.67,2.00,5.00,4.67,5.00,5.00
1,-6.00,2.00,1.50,4.00,3.50,3.00,2.50,5.00,1.50,4.00,3.50,3.00,4.00,2.00,4.50,4.00,2.00,3.00,2.50,2.00,4.50,1.00,3.50,2.50
8,-8.00,5.33,1.00,2.67,1.00,2.00,1.00,2.00,3.00,2.00,3.00,4.00,3.00,4.00,5.00,4.00,5.00,6.00,5.00,6.00,7.00,6.00,7.00,7.00
1,-4.80,1.60,1.80,3.20,3.40,3.60,1.00,2.00,3.00,2.80,2.60,2.40,3.40,1.60,1.80,3.20,1.40,1.20,2.20,2.00,3.00,2.80,3.80,1.40
1,-6.00,2.00,2.25,4.00,2.25,2.50,4.25,2.50,2.75,2.50,4.75,3.00,4.75,5.00,3.25,1.00,1.25,3.50,1.25,3.50,3.75,3.50,1.75,3.75
1,-5.54,2.46,3.00,3.08,3.62,2.31,4.23,2.92,1.62,3.54,4.08,2.77,1.00,1.54,3.92,4.00,4.54,3.23,1.46,2.00,2.54,2.62,1.31,1.92
1,-4.80,3.20,3.00,1.60,1.40,3.60,2.20,3.20,3.00,2.80,1.40,2.40,1.00,3.20,1.80,1.60,3.80,1.20,3.40,2.00,1.80,1.60,2.60,3.40
2,-6.00,4.00,2.25,2.00,4.75,1.50,2.75,2.50,2.25,3.50,4.75,3.00,2.75,1.00,3.75,5.00,3.25,4.50,1.25,2.50,3.75,3.50,3.25,1.25
1,-8.00,2.67,5.00,5.33,5.00,2.00,5.00,2.00,7.00,2.00,3.00,4.00,5.67,4.00,1.00,4.00,2.33,6.00,5.00,6.00,3.00,6.00,3.00,3.00
1,-8.00,5.33,3.00,2.67,4.33,6.00,5.67,3.33,1.00,4.67,6.33,4.00,3.67,5.33,7.00,2.67,4.33,2.00,1.67,3.33,5.00,4.67,2.33,3.67
1,-5.33,2.67,2.33,2.67,2.33,2.00,3.67,2.00,4.33,2.00,4.33,2.67,1.67,1.33,1.00,4.00,3.67,3.33,1.00,3.33,3.00,3.33,1.67,3.00
1,-8.00,5.33,1.00,2.67,5.33,2.00,2.67,5.33,3.00,2.67,5.33,4.00,2.67,5.33,5.00,2.67,5.33,6.00,2.67,5.33,7.00,2.67,5.33,2.67
2,-4.80,2.80,1.80,2.00,1.00,3.60,3.80,2.80,3.00,2.00,1.00,2.40,3.80,2.80,1.80,2.00,1.00,1.20,3.80,2.80,3.00,2.00,1.00,3.80
2,-8.00,4.00,5.00,4.00,5.00,2.00,5.00,2.00,3.00,2.00,7.00,4.00,7.00,4.00,5.00,4.00,1.00,6.00,1.00,6.00,3.00,6.00,3.00,3.00
1,-12.00,8.00,9.00,4.00,5.00,6.00,7.00,2.00,3.00,4.00,11.00,6.00,7.00,8.00,9.00,4.00,5.00,6.00,1.00,8.00,3.00,10.00,5.00,7.00
1,-4.00,1.33,1.00,2.67,2.33,2.00,1.27,2.53,3.00,2.27,2.73,2.00,1.67,2.93,1.00,1.07,2.33,2.00,1.27,1.73,3.00,1.47,2.73,1.67
3,-8.00,2.67,3.00,5.33,3.00,6.00,3.00,6.00,1.00,6.00,1.00,4.00,3.67,4.00,7.00,4.00,4.33,2.00,7.00,2.00,5.00,2.00,5.00,5.00
3,-12.00,8.00,9.00,4.00,5.00,6.00,1.00,2.00,3.00,4.00,5.00,6.00,7.00,8.00,9.00,4.00,5.00,6.00,7.00,8.00,3.00,10.00,11.00,7.00
25,-24.00,16.00,15.00,8.00,7.00,6.00,23.00,22.00,21.00,14.00,13.00,12.00,5.00,4.00,3.00,20.00,19.00,18.00,11.00,10.00,9.00,2.00,1.00,17.00
1,-6.00,2.00,1.50,4.00,2.00,3.00,1.00,2.00,3.00,1.00,2.00,3.00,2.50,2.00,3.00,4.00,3.50,3.00,4.00,5.00,4.50,4.00,5.00,4.00
1,-5.42,2.84,3.39,2.58,2.35,1.35,4.42,3.42,2.42,3.16,3.71,2.71,1.13,4.00,3.00,1.42,4.29,4.06,1.71,2.26,2.03,2.00,1.00,3.06
2,-8.00,5.33,1.00,2.67,6.33,2.00,3.67,4.67,3.00,4.67,5.67,4.00,5.67,1.33,5.00,6.67,2.33,6.00,2.33,3.33,7.00,3.33,4.33,1.67
1,-6.00,2.00,1.50,4.00,3.50,3.00,2.50,5.00,1.50,1.00,3.50,3.00,2.50,2.00,4.50,4.00,3.50,3.00,2.50,5.00,4.50,1.00,3.50,2.50
1,-4.36,2.91,3.00,1.45,1.55,2.73,1.18,2.36,1.36,3.09,1.00,2.18,2.82,1.82,3.00,2.55,1.55,1.64,3.36,1.27,1.36,2.00,3.18,2.82
1,-8.00,5.33,5.00,2.67,5.00,2.00,5.00,2.00,7.00,2.00,4.33,4.00,3.00,4.00,1.00,4.00,5.00,6.00,3.67,6.00,3.00,6.00,3.00,3.00
1,-6.00,4.00,4.50,2.00,2.50,3.00,4.25,2.50,1.50,3.50,2.50,3.00,2.75,1.00,4.50,5.00,3.25,3.00,3.50,2.50,1.50,3.50,1.75,3.50
4,-12.00,8.00,3.00,4.00,11.00,6.00,7.00,2.00,9.00,10.00,5.00,6.00,7.00,8.00,3.00,4.00,5.00,6.00,7.00,2.00,9.00,10.00,5.00,1.00
1,-8.00,2.67,3.00,5.33,5.67,6.00,2.33,4.67,1.00,3.33,3.67,4.00,6.33,6.67,7.00,1.33,1.67,2.00,4.33,4.67,5.00,3.33,5.67,2.33
2,-8.00,2.67,1.00,5.33,3.67,2.00,2.33,4.67,3.00,3.33,5.67,4.00,4.33,6.67,5.00,1.33,3.67,6.00,2.33,4.67,7.00,3.33,5.67,4.33
1,-8.00,4.00,3.00,4.00,7.00,6.00,7.00,6.00,5.00,6.00,5.00,4.00,5.00,4.00,3.00,4.00,3.00,2.00,3.00,2.00,5.00,2.00,1.00,1.00
1,-12.00,8.00,9.00,4.00,5.00,6.00,7.00,2.00,9.00,4.00,11.00,6.00,7.00,8.00,3.00,4.00,5.00,6.00,1.00,8.00,3.00,10.00,5.00,7.00
1,-6.00,4.00,4.50,2.00,2.50,3.00,3.50,1.00,4.50,5.00,2.50,3.00,3.50,4.00,1.50,2.00,2.50,3.00,3.50,1.00,1.50,5.00,2.50,3.50
1,-8.00,5.33,7.00,2.67,4.33,6.00,1.67,3.33,5.00,2.27,2.33,4.00,2.87,4.53,3.00,3.47,5.13,2.00,5.67,5.73,1.00,4.67,6.33,3.67
1,-4.80,1.60,3.00,3.20,2.20,3.60,1.40,2.80,2.60,2.80,3.40,2.40,1.00,1.60,2.20,3.20,3.80,1.20,1.40,2.00,1.80,2.00,3.40,2.60
1,-6.00,2.00,4.25,4.00,4.25,2.50,3.25,2.50,1.75,2.50,1.75,3.00,1.75,5.00,4.25,1.00,4.25,3.50,4.25,3.50,1.75,3.50,2.75,1.75
3,-6.00,4.00,3.00,2.00,1.00,1.50,5.00,4.00,3.00,2.00,2.50,3.00,5.00,4.00,3.00,2.00,1.00,4.50,3.50,4.00,3.00,2.00,1.00,5.00
1,-4.00,1.33,1.00,2.67,2.33,2.00,1.00,2.00,3.00,2.00,3.00,2.00,3.00,1.33,1.00,2.67,1.00,2.00,1.00,2.00,3.00,2.00,3.00,1.67
2,-8.00,5.33,4.33,2.67,7.00,6.00,7.00,6.00,5.00,6.00,5.00,4.00,5.00,4.00,3.00,4.00,3.00,2.00,3.00,2.00,3.67,2.00,1.00,1.00
3,-8.00,4.00,3.00,4.00,7.00,2.00,3.00,2.00,5.00,6.00,5.00,4.00,1.00,4.00,3.00,4.00,7.00,6.00,3.00,2.00,5.00,6.00,5.00,1.00
1,-6.00,4.00,3.00,2.00,4.00,3.00,3.50,1.00,1.50,2.00,4.00,3.00,3.50,4.00,4.50,2.00,2.50,3.00,2.00,4.00,3.00,5.00,2.50,2.00
1,-6.00,2.00,3.00,4.00,5.00,4.50,1.00,2.00,3.00,4.00,3.50,3.00,1.00,2.00,3.00,4.00,5.00,1.50,2.50,2.00,3.00,4.00,5.00,1.00
1,-6.00,2.00,3.50,4.00,1.50,3.00,1.50,3.00,4.50,3.00,4.50,3.00,3.50,5.00,1.50,1.00,2.50,3.00,1.50,3.00,2.50,3.00,4.50,4.50
1,-8.00,5.33,5.00,2.67,5.33,2.00,2.67,5.33,7.00,2.67,4.33,4.00,2.67,5.33,1.00,2.67,5.33,6.00,3.67,5.33,3.00,2.67,5.33,2.67
1,-4.00,1.33,2.50,2.67,1.17,1.00,2.50,1.00,1.50,1.00,1.50,2.00,2.17,2.00,2.50,2.00,1.83,3.00,2.50,3.00,1.50,3.00,1.50,2.83
1,-8.00,5.33,5.00,2.67,2.33,2.00,5.67,3.33,7.00,4.67,4.33,4.00,5.67,3.33,1.00,4.67,2.33,6.00,3.67,3.33,3.00,4.67,2.33,5.67
1,-6.00,4.00,2.25,2.00,4.25,2.50,4.25,2.50,1.75,2.50,4.75,3.00,2.75,1.00,4.25,5.00,3.25,3.50,1.25,3.50,3.75,3.50,1.75,1.75
1,-8.00,5.33,3.00,2.67,2.33,6.00,5.67,3.33,1.00,4.67,6.33,4.00,3.67,1.33,7.00,6.67,4.33,2.00,1.67,3.33,5.00,4.67,2.33,5.67
1,-8.00,2.67,5.00,5.33,2.67,2.00,5.33,2.67,7.00,4.33,4.67,4.00,5.33,2.67,1.00,5.33,2.67,6.00,3.33,3.67,3.00,5.33,2.67,5.33
2,-4.00,1.33,3.00,2.67,3.00,2.00,3.00,2.00,1.00,2.00,1.00,2.00,1.00,1.33,3.00,2.67,3.00,2.00,3.00,2.00,1.00,2.00,1.00,1.00
1,-8.00,5.33,1.00,2.67,2.33,2.00,3.67,3.33,3.00,4.67,4.33,4.00,5.67,5.33,5.00,2.67,2.33,6.00,3.67,3.33,7.00,4.67,4.33,5.67
1,-6.00,4.00,4.65,2.00,2.65,3.30,4.25,2.50,1.95,2.90,2.35,3.00,1.55,1.00,4.05,5.00,4.45,2.70,3.65,3.10,1.35,3.50,1.75,3.35
1,-4.29,1.43,3.21,2.86,1.21,2.14,2.64,1.00,1.07,2.43,1.64,2.14,2.21,2.29,3.21,2.00,2.07,2.14,2.64,1.86,1.07,3.29,1.64,3.07
1,-6.00,2.00,3.00,4.00,4.00,3.00,5.00,4.00,3.00,2.00,4.00,3.00,5.00,4.00,3.00,2.00,1.00,3.00,2.00,4.00,3.00,2.00,1.00,2.00
1,-3.00,1.00,2.00,2.00,1.00,1.00,1.00,1.00,1.00,2.00,1.00,1.50,2.00,1.00,2.00,2.00,1.00,2.00,2.00,1.00,1.00,2.00,2.00,2.00
1,-8.00,2.67,5.00,5.33,2.67,2.00,5.33,2.67,7.00,5.33,2.67,4.00,4.33,2.67,1.00,5.33,3.67,6.00,5.33,2.67,3.00,5.33,2.67,5.33
1,-5.33,1.78,1.00,3.56,1.44,2.00,1.89,1.11,3.00,2.89,2.11,2.67,1.22,3.11,2.33,2.22,4.11,3.33,3.22,2.44,4.33,4.22,3.44,3.89
1,-4.00,1.33,2.50,2.67,2.33,1.00,2.67,1.33,3.00,2.67,2.33,2.00,2.67,1.33,1.00,2.67,1.33,3.00,1.67,1.33,1.50,2.67,1.33,1.67
1,-4.00,2.67,1.17,1.33,2.50,1.00,1.17,1.00,1.50,1.00,2.17,2.00,2.17,2.00,2.50,2.00,1.83,3.00,1.83,3.00,2.83,3.00,2.83,1.50
7,-8.00,2.67,3.00,5.33,3.00,6.00,3.00,6.00,1.00,6.00,1.00,4.00,1.00,4.00,7.00,4.00,7.00,2.00,7.00,2.00,5.00,2.00,5.00,5.00
1,-3.00,2.00,2.00,1.00,1.00,1.00,1.00,2.00,2.00,2.00,2.00,1.50,1.00,2.00,1.00,1.00,2.00,2.00,1.00,1.00,1.00,1.00,2.00,2.00
1,-4.80,3.20,3.00,1.60,2.60,1.20,1.00,2.00,1.80,1.60,1.40,2.40,2.20,3.20,3.00,1.60,2.60,3.60,3.40,3.20,1.80,2.80,3.80,2.20
3,-8.00,5.33,7.00,2.67,4.33,6.00,1.67,3.33,5.00,4.67,2.33,4.00,5.67,1.33,3.00,6.67,2.33,2.00,5.67,3.33,1.00,4.67,6.33,3.67
1,-4.80,1.60,2.20,3.20,3.80,3.60,3.00,1.20,1.80,2.80,3.40,2.40,1.80,2.40,3.00,2.40,3.00,1.20,1.40,2.00,2.60,3.60,1.80,1.00
2,-4.00,2.67,3.00,1.33,3.00,2.00,3.00,2.00,1.00,2.00,2.33,2.00,1.00,2.67,3.00,1.33,3.00,2.00,1.67,2.00,1.00,2.00,1.00,1.00
1,-4.80,2.80,3.00,2.00,1.00,3.60,3.80,2.80,1.80,2.00,1.00,2.40,3.80,2.80,3.00,2.00,1.00,1.20,3.80,2.80,1.80,2.00,1.00,3.80
15,-12.00,4.00,3.00,8.00,7.00,6.00,11.00,10.00,9.00,2.00,1.00,6.00,5.00,4.00,3.00,8.00,7.00,6.00,11.00,10.00,9.00,2.00,1.00,5.00
1,-8.00,5.33,3.00,2.67,5.67,6.00,5.67,3.33,1.00,3.33,3.67,4.00,3.67,1.33,7.00,6.67,4.33,2.00,4.33,4.67,5.00,4.67,2.33,2.33
1,-9.60,6.40,5.40,3.20,7.00,6.00,8.60,7.60,6.60,4.40,5.80,4.80,5.00,4.00,3.00,5.60,4.60,3.60,3.80,5.20,4.20,2.00,1.00,2.60
2,-12.00,4.00,4.50,8.00,2.50,9.00,6.50,1.00,7.50,5.00,5.50,6.00,3.50,10.00,4.50,2.00,8.50,3.00,6.50,7.00,7.50,11.00,5.50,9.50
1,-6.00,4.00,3.00,2.00,1.00,3.00,2.00,4.00,3.00,2.00,1.00,3.00,5.00,4.00,3.00,2.00,1.00,3.00,5.00,4.00,3.00,2.00,4.00,5.00
2,-8.00,4.00,5.00,4.00,1.00,2.00,5.00,6.00,3.00,2.00,3.00,4.00,7.00,4.00,5.00,4.00,1.00,6.00,5.00,6.00,3.00,2.00,3.00,7.00
1,-6.00,2.00,3.75,4.00,2.75,1.50,4.75,3.50,2.25,3.50,4.25,3.00,1.25,5.00,3.75,1.00,4.75,4.50,1.75,2.50,2.25,2.50,1.25,3.25
1,-8.00,2.67,3.00,5.33,3.00,6.00,5.67,3.33,1.00,6.00,3.67,4.00,5.00,4.00,7.00,4.00,3.00,2.00,4.33,2.00,5.00,4.67,2.33,5.00
1,-8.00,5.33,7.00,2.67,4.33,6.00,4.33,3.33,5.00,3.33,2.33,4.00,2.33,1.33,3.00,6.67,5.67,2.00,5.67,4.67,1.00,4.67,3.67,3.67
3,-12.00,8.00,9.00,4.00,11.00,6.00,7.00,8.00,9.00,10.00,5.00,6.00,7.00,8.00,3.00,4.00,5.00,6.00,7.00,2.00,3.00,4.00,5.00,1.00
1,-6.00,4.00,1.50,2.00,4.50,3.00,3.50,1.00,4.50,3.00,2.50,3.00,4.50,4.00,1.50,2.00,1.50,3.00,3.50,3.00,4.50,5.00,2.50,1.50
1,-4.00,2.67,3.00,1.33,1.67,2.00,3.00,2.00,1.00,2.00,1.00,2.00,1.00,2.67,3.00,1.33,3.00,2.00,3.00,2.00,1.00,2.00,1.00,2.33
1,-8.00,2.67,1.00,5.33,3.67,2.00,1.00,2.00,3.00,2.00,3.00,4.00,3.00,4.00,5.00,4.00,5.00,6.00,5.00,6.00,7.00,6.00,7.00,4.33
27,-24.00,8.00,15.00,16.00,23.00,6.00,7.00,14.00,21.00,22.00,5.00,12.00,13.00,20.00,3.00,4.00,11.00,18.00,19.00,2.00,9.00,10.00,17.00,1.00
10,-12.00,8.00,3.00,4.00,5.00,6.00,7.00,2.00,9.00,10.00,5.00,6.00,1.00,8.00,3.00,4.00,11.00,6.00,7.00,2.00,9.00,10.00,5.00,7.00
1,-12.00,4.00,9.00,8.00,1.00,6.00,5.00,4.00,3.00,2.00,7.00,6.00,5.00,4.00,9.00,8.00,7.00,6.00,5.00,10.00,3.00,8.00,7.00,11.00
2,-8.00,4.00,3.00,4.00,3.00,6.00,3.00,6.00,1.00,2.00,5.00,4.00,5.00,4.00,7.00,4.00,3.00,2.00,3.00,6.00,5.00,2.00,5.00,5.00
1,-6.00,4.00,3.00,2.00,2.00,2.00,2.00,4.00,2.00,4.00,1.00,3.00,4.00,4.00,4.00,2.00,2.00,4.00,5.00,2.00,3.00,2.00,4.00,4.00
1,-6.00,4.00,3.75,2.00,1.75,1.50,4.25,2.50,2.25,3.50,3.25,3.00,1.25,1.00,3.75,5.00,4.75,4.50,2.75,2.50,2.25,3.50,1.75,4.25
1,-4.80,3.20,3.00,1.60,1.40,1.20,3.00,2.80,1.80,2.80,1.00,2.40,2.60,3.20,3.00,1.60,2.20,3.60,3.80,2.00,1.80,2.00,1.80,3.40
1,-4.00,2.00,3.00,2.00,1.00,2.00,1.00,2.00,1.00,2.00,3.00,2.00,1.00,2.00,3.00,2.00,3.00,2.00,1.00,2.00,1.00,2.00,3.00,3.00
1,-8.00,2.67,3.00,5.33,5.67,6.00,3.00,6.00,1.00,3.33,3.67,4.00,6.33,4.00,7.00,4.00,1.67,2.00,4.33,4.67,5.00,2.00,5.00,2.33
1,-6.86,2.29,3.86,4.57,2.71,2.57,5.00,3.14,4.71,2.00,5.29,3.43,5.86,4.00,2.14,2.86,1.00,4.29,1.57,4.86,3.00,3.71,1.86,4.14
1,-6.00,4.00,1.75,2.00,1.75,3.50,2.75,3.50,4.25,3.50,4.25,3.00,4.25,1.00,1.75,5.00,1.75,2.50,1.75,2.50,4.25,2.50,3.25,4.25
1,-4.36,1.45,1.50,2.91,2.95,3.00,1.68,3.36,1.23,1.55,2.68,2.18,3.05,2.00,3.14,2.36,1.32,1.36,1.68,2.82,2.86,1.00,2.68,1.41
2,-8.00,5.33,3.00,2.67,3.00,6.00,3.00,6.00,3.67,6.00,1.00,4.00,5.00,4.00,4.33,4.00,3.00,2.00,7.00,2.00,5.00,2.00,5.00,5.00
3,-8.00,2.67,5.00,5.33,5.00,2.00,5.00,2.00,7.00,2.00,7.00,4.00,4.33,4.00,1.00,4.00,3.67,6.00,1.00,6.00,3.00,6.00,3.00,3.00
2,-8.00,4.00,1.00,4.00,5.00,2.00,3.00,6.00,3.00,2.00,5.00,4.00,3.00,4.00,5.00,4.00,5.00,6.00,3.00,6.00,7.00,2.00,5.00,3.00
1,-8.00,5.33,5.00,2.67,5.33,2.00,2.67,5.33,7.00,2.67,5.33,4.00,2.67,5.33,1.00,2.67,5.33,6.00,2.67,5.33,3.00,2.67,5.33,2.67
1,-4.80,1.60,1.00,3.20,1.00,2.00,1.00,2.00,1.40,2.00,3.00,2.40,1.40,2.40,3.40,2.40,3.40,2.80,1.80,2.80,3.80,2.80,3.80,3.80
3,-12.00,8.00,4.50,4.00,6.50,9.00,8.50,5.00,7.50,1.00,3.50,6.00,5.50,2.00,4.50,10.00,6.50,3.00,8.50,11.00,7.50,7.00,3.50,5.50
4,-12.00,4.00,3.00,8.00,7.00,6.00,5.00,10.00,9.00,2.00,1.00,6.00,5.00,4.00,3.00,8.00,7.00,6.00,11.00,10.00,9.00,2.00,7.00,5.00
1,-6.00,4.00,3.75,2.00,3.75,1.50,1.75,3.50,3.25,3.50,3.25,3.00,1.25,1.00,2.75,5.00,4.75,4.50,2.75,2.50,2.25,2.50,4.25,2.25
1,-8.00,4.33,3.00,3.67,5.33,6.00,2.67,5.33,1.00,2.67,5.33,4.00,2.67,5.33,7.00,2.67,5.33,2.00,2.67,5.33,5.00,2.67,5.33,2.67
1,-6.00,4.00,3.00,2.00,1.00,1.50,2.00,4.00,3.00,2.00,1.00,3.00,3.50,4.00,3.00,2.00,2.50,4.50,5.00,4.00,3.00,2.00,4.00,5.00
30,-24.00,16.00,21.00,8.00,13.00,18.00,5.00,10.00,15.00,2.00,7.00,12.00,23.00,4.00,9.00,20.00,1.00,6.00,17.00,22.00,3.00,14.00,19.00,11.00
1,-4.00,2.00,1.00,2.00,3.00,2.00,3.00,2.00,1.00,2.00,3.00,2.00,1.00,2.00,3.00,2.00,3.00,2.00,1.00,2.00,3.00,2.00,1.00,1.00
1,-4.80,2.00,1.80,2.80,3.80,3.60,1.00,2.00,1.80,2.80,3.80,2.40,1.00,2.00,3.00,2.80,3.80,1.20,1.00,2.00,3.00,2.80,3.80,1.00
24,-24.00,8.00,21.00,16.00,5.00,18.00,13.00,2.00,15.00,10.00,23.00,12.00,7.00,20.00,9.00,4.00,17.00,6.00,1.00,14.00,3.00,22.00,11.00,19.00
1,-8.00,2.67,3.00,5.33,3.00,6.00,3.00,6.00,5.00,6.00,1.00,4.00,2.33,4.00,3.00,4.00,5.67,2.00,7.00,2.00,5.00,2.00,5.00,5.00
1,-6.00,4.00,2.25,2.00,3.25,4.50,1.25,2.50,3.75,3.50,4.75,3.00,2.75,1.00,2.25,5.00,3.25,1.50,1.25,2.50,3.75,3.50,4.75,2.75
1,-4.44,1.78,1.44,2.67,3.22,2.89,3.22,2.00,1.67,2.89,3.44,2.22,2.56,1.33,2.78,3.11,1.89,1.56,1.00,1.56,3.00,2.44,1.22,1.22
4,-12.00,4.00,4.50,8.00,8.50,9.00,6.50,1.00,7.50,5.00,5.50,6.00,9.50,10.00,4.50,2.00,2.50,3.00,6.50,7.00,7.50,11.00,5.50,3.50
2,-6.00,2.00,4.50,4.00,1.50,3.00,2.50,5.00,1.50,3.00,3.50,3.00,1.50,2.00,4.50,4.00,4.50,3.00,2.50,3.00,1.50,1.00,3.50,4.50
1,-8.00,5.33,5.00,2.67,5.53,2.00,2.87,5.73,7.00,3.07,5.13,4.00,3.27,4.53,1.00,3.47,4.73,6.00,2.87,4.93,3.00,2.27,5.13,2.47
1,-6.00,2.00,1.50,4.00,1.50,3.00,3.50,3.00,3.50,3.00,4.50,3.00,4.50,5.00,2.50,1.00,1.50,3.00,1.50,3.00,4.50,3.00,2.50,4.50
3,-6.00,2.00,2.25,4.00,4.25,4.50,3.25,3.50,3.75,2.50,2.75,3.00,1.75,5.00,2.25,1.00,4.25,1.50,3.25,3.50,3.75,2.50,2.75,1.75
1,-6.00,4.00,2.25,2.00,3.25,1.50,4.25,2.50,2.25,3.50,4.75,3.00,2.75,1.00,3.75,5.00,3.25,4.50,1.25,2.50,3.75,3.50,1.75,2.75
1,-6.00,4.00,4.25,2.00,4.25,4.50,4.25,2.50,2.75,2.50,2.75,3.00,2.75,1.00,3.25,5.00,3.25,1.50,3.25,3.50,1.75,3.50,1.75,1.75
1,-3.00,2.00,1.00,1.00,1.00,2.00,1.00,1.00,2.00,2.00,2.00,1.50,2.00,1.00,1.00,2.00,1.00,1.00,1.00,1.00,2.00,2.00,2.00,2.00
1,-8.00,5.33,7.00,2.67,4.33,6.00,1.67,3.33,5.00,4.67,2.33,4.00,3.67,1.33,3.00,6.67,4.33,2.00,5.67,3.33,1.00,4.67,6.33,3.67
1,-3.00,1.00,1.00,2.00,1.00,2.00,1.00,2.00,2.00,1.00,2.00,1.50,1.00,2.00,1.00,1.00,2.00,1.00,1.00,2.00,2.00,1.00,2.00,2.00
1,-8.00,5.33,3.00,2.67,5.33,6.00,3.67,5.33,1.00,2.67,4.33,4.00,2.67,5.33,7.00,2.67,5.33,2.00,3.67,5.33,5.00,2.67,4.33,2.67
1,-8.00,4.00,5.00,4.00,3.00,2.00,5.00,2.00,7.00,6.00,3.00,4.00,3.00,4.00,1.00,4.00,5.00,6.00,5.00,2.00,3.00,6.00,3.00,5.00
1,-4.00,2.67,1.00,1.33,2.33,2.00,1.00,2.00,1.67,2.00,3.00,2.00,3.00,2.67,2.33,1.33,1.00,2.00,1.00,2.00,3.00,2.00,3.00,1.67
1,-6.00,2.00,4.50,4.00,3.50,3.00,2.50,5.00,1.50,4.00,3.50,3.00,4.00,2.00,4.50,4.00,2.00,3.00,2.50,2.00,1.50,1.00,3.50,2.50
1,-4.00,2.67,3.00,1.33,2.67,2.00,2.33,2.67,1.00,1.33,2.67,2.00,1.33,2.67,3.00,1.33,2.67,2.00,1.33,2.67,1.00,1.33,1.67,1.33
1,-4.00,2.67,1.00,1.33,1.67,2.00,1.33,2.67,3.00,1.33,2.67,2.00,1.33,2.67,1.00,1.33,2.67,2.00,1.33,2.67,3.00,1.33,2.67,2.33
1,-5.54,2.46,3.00,3.08,3.62,4.15,1.46,2.92,3.46,3.54,4.08,2.77,1.00,1.54,2.08,4.00,4.54,1.38,1.46,2.00,2.54,2.62,4.08,1.92
1,-8.00,2.67,3.00,5.33,3.00,6.00,3.00,6.00,5.00,6.00,1.00,4.00,3.67,4.00,3.00,4.00,4.33,2.00,7.00,2.00,5.00,2.00,5.00,5.00
1,-4.00,2.00,1.00,2.00,2.00,2.00,1.00,2.00,1.00,2.00,3.00,2.00,3.00,3.00,3.00,1.00,1.00,2.00,1.00,2.00,3.00,2.00,3.00,2.00
1,-8.00,5.33,3.00,2.67,5.13,6.00,2.47,4.93,1.00,2.27,4.73,4.00,2.87,4.53,7.00,3.47,5.13,2.00,3.27,5.73,5.00,3.07,5.53,2.87
1,-6.00,2.00,4.75,4.00,4.75,3.50,4.75,3.50,2.25,3.50,2.25,3.00,2.25,5.00,3.75,1.00,3.75,2.50,3.75,2.50,1.25,2.50,1.25,1.25
1,-4.29,2.86,1.29,1.43,3.29,1.71,2.71,1.14,1.29,2.29,2.43,2.14,1.86,2.86,3.00,1.43,2.43,2.57,1.86,2.00,3.00,3.14,1.57,1.00
1,-8.00,2.67,1.00,5.33,2.33,2.00,3.67,2.00,3.00,4.67,3.00,4.00,3.00,4.00,5.00,4.00,5.00,6.00,5.00,3.33,7.00,6.00,4.33,5.67
1,-4.80,1.60,3.00,3.20,2.20,1.20,3.80,2.80,1.80,2.00,1.00,2.40,2.60,1.60,3.00,3.20,2.20,3.60,3.80,2.80,1.80,2.00,1.00,2.60
7,-12.00,4.00,1.50,8.00,5.50,3.00,9.50,7.00,4.50,11.00,8.50,6.00,6.50,10.00,7.50,2.00,5.50,9.00,3.50,1.00,10.50,5.00,2.50,6.50
1,-8.00,3.33,1.00,4.67,2.33,2.00,5.67,3.33,3.00,4.67,2.33,4.00,5.67,3.33,5.00,4.67,2.33,6.00,5.67,3.33,7.00,4.67,2.33,5.67
1,-8.00,4.00,5.00,4.00,5.00,2.00,5.00,6.00,3.00,2.00,5.00,4.00,7.00,4.00,5.00,4.00,1.00,6.00,3.00,6.00,3.00,2.00,3.00,3.00
1,-6.00,2.00,3.00,4.00,5.00,4.50,1.00,2.00,3.00,4.00,5.00,3.00,2.50,2.00,3.00,4.00,3.50,1.50,1.00,2.00,3.00,4.00,5.00,1.00
1,-6.00,2.00,4.25,4.00,1.25,2.50,3.25,2.50,3.75,2.50,1.75,3.00,1.75,5.00,2.25,1.00,4.25,3.50,4.25,3.50,1.75,3.50,2.75,4.75
