count,b,a_0,a_1,a_2,a_3,a_4,a_5,a_6,a_7,a_8,a_9,a_10,a_11,a_12,a_13,a_14,a_15,a_16,a_17,a_18,a_19,a_20,a_21,a_22,a_23,a_24,a_25
1,-9.00,5.00,4.00,6.00,5.00,4.00,3.00,2.00,4.00,3.00,8.00,7.00,6.00,5.00,4.00,3.00,2.00,1.00,6.00,5.00,7.00,6.00,5.00,4.00,3.00,5.00,4.00
1,-9.00,5.33,1.67,7.00,3.33,5.67,5.00,4.33,6.67,3.00,2.33,4.67,1.00,6.33,2.67,8.00,4.33,6.67,6.00,2.33,4.67,4.00,3.33,5.67,2.00,7.33,3.67
1,-5.00,1.67,3.33,1.00,2.67,3.33,1.00,2.67,3.33,2.00,1.67,3.33,2.00,1.67,3.33,3.00,1.67,3.33,3.00,1.67,2.33,4.00,1.67,2.33,4.00,1.67,3.33
2,-13.50,8.50,3.50,12.00,7.00,2.00,10.50,5.50,7.25,9.00,4.00,12.50,7.50,2.50,11.00,6.00,1.00,9.50,4.50,6.25,8.00,3.00,11.50,6.50,1.50,10.00,5.00
1,-4.91,3.45,2.00,3.00,1.55,2.55,1.09,2.91,3.09,1.64,1.00,3.64,2.18,3.18,1.73,2.73,1.27,3.91,3.27,1.82,2.00,3.82,2.36,3.36,1.91,2.91,1.45
1,-6.00,2.00,4.00,3.00,2.00,4.00,3.00,2.00,4.00,3.00,5.00,4.00,3.00,5.00,1.00,3.00,2.00,1.00,3.00,2.00,4.00,3.00,2.00,4.00,3.00,2.00,4.00
1,-9.00,7.67,6.33,5.00,3.67,2.33,1.00,6.42,7.33,6.00,4.67,3.33,2.00,5.17,3.83,7.00,5.67,4.33,3.00,1.67,2.58,8.00,6.67,5.33,4.00,2.67,1.33
2,-6.75,2.88,5.75,5.25,4.75,4.25,3.75,3.25,2.75,2.25,1.75,1.25,4.13,1.94,4.81,2.63,5.50,5.00,4.50,4.00,3.50,3.00,2.50,2.00,1.50,1.00,3.88
1,-5.79,4.57,3.36,4.07,4.79,3.57,2.36,3.07,3.79,2.57,1.36,4.00,2.79,3.50,2.29,3.00,1.79,4.43,3.21,2.00,2.71,3.43,2.21,1.00,1.71,2.43,1.21
1,-9.00,2.83,5.67,4.00,2.33,5.17,8.00,4.08,4.67,3.00,3.58,6.42,7.00,3.08,5.92,2.00,2.58,5.42,6.00,4.33,4.92,1.00,3.83,6.67,5.00,3.33,6.17
1,-9.00,3.53,7.07,7.00,5.13,5.07,5.00,3.13,4.87,3.00,2.93,2.87,1.00,2.73,6.27,8.00,6.13,6.07,6.00,4.13,5.87,4.00,3.93,3.87,2.00,1.93,5.47
2,-9.00,5.17,1.33,2.00,2.67,3.33,4.00,4.67,5.33,6.00,6.67,7.33,8.00,6.42,2.58,1.00,1.67,2.33,3.00,3.67,4.33,5.00,5.67,6.33,7.00,7.67,3.83
1,-6.75,3.81,4.25,3.00,3.44,3.88,4.31,4.75,3.50,2.25,1.00,1.44,5.25,2.31,4.44,1.50,5.31,5.75,4.50,3.25,2.00,2.44,2.88,3.31,3.75,2.50,2.94
1,-5.40,1.90,3.80,3.00,2.20,1.40,3.30,3.85,4.40,3.60,2.80,2.00,1.20,3.10,2.30,4.20,3.40,2.60,1.80,1.00,1.55,2.10,4.00,3.20,2.40,1.60,3.50
1,-9.00,3.00,6.00,2.00,3.00,6.00,4.00,3.00,6.00,6.00,3.00,6.00,8.00,3.00,6.00,1.00,3.00,6.00,3.00,3.00,6.00,5.00,3.00,6.00,7.00,3.00,6.00
1,-4.15,3.15,2.15,1.15,1.19,2.79,2.31,1.31,1.35,1.38,1.42,2.50,2.54,1.54,2.62,1.62,1.65,2.73,2.77,2.81,2.85,1.85,1.37,2.96,3.00,2.00,1.00
1,-3.00,1.00,2.00,1.00,1.00,2.00,2.00,2.00,1.00,2.00,2.00,1.00,1.00,1.00,2.00,2.00,2.00,1.00,1.00,2.00,1.00,1.00,1.00,2.00,2.00,1.00,2.00
1,-6.75,3.25,1.44,3.00,2.88,2.75,4.31,2.50,5.75,2.25,5.50,2.00,5.25,1.75,5.00,1.50,4.75,1.25,4.50,1.00,4.25,2.44,4.00,3.88,3.75,5.31,3.50
1,-9.00,4.67,4.83,5.00,5.17,5.33,1.00,3.42,5.83,6.00,2.79,6.33,2.00,2.17,6.83,7.00,2.67,6.21,3.00,3.17,5.58,8.00,3.67,3.83,4.00,4.17,4.33
1,-9.00,2.67,5.33,8.00,4.67,5.83,7.00,3.67,6.33,6.00,2.67,5.33,5.00,3.17,5.83,4.00,3.67,6.33,3.00,2.67,5.33,2.00,3.17,4.33,1.00,3.67,6.33
1,-5.40,4.40,3.40,2.40,1.40,1.30,1.20,3.80,2.80,2.70,2.60,2.50,1.50,3.20,2.20,3.90,2.90,2.80,2.70,2.60,1.60,4.20,4.10,4.00,3.00,2.00,1.00
1,-9.00,4.00,6.50,3.00,4.00,2.00,6.00,5.50,5.00,3.00,4.00,8.00,3.00,7.00,2.00,6.00,1.00,5.00,6.00,4.00,3.50,3.00,7.00,5.00,6.00,2.50,5.00
1,-9.00,5.33,1.67,7.00,3.33,5.67,5.00,4.33,3.67,3.00,2.33,4.67,1.00,6.33,2.67,8.00,4.33,6.67,6.00,5.33,4.67,4.00,3.33,5.67,2.00,7.33,3.67
1,-5.40,4.30,3.20,2.10,1.00,2.60,1.50,3.10,2.00,3.60,2.50,1.40,3.00,3.25,2.15,2.40,4.00,2.90,1.80,3.40,2.30,3.90,2.80,4.40,3.30,2.20,1.10
1,-9.00,2.67,3.83,5.00,3.17,5.83,1.00,3.67,4.83,6.00,2.67,5.33,2.00,3.17,5.83,7.00,3.67,6.33,3.00,4.17,5.33,8.00,3.17,5.83,4.00,5.17,6.33
1,-6.00,2.00,4.00,1.00,2.00,4.00,2.00,2.00,4.00,2.00,2.00,2.00,2.50,3.00,3.00,3.50,4.00,4.00,4.00,2.00,4.00,4.00,2.00,4.00,5.00,2.00,4.00
1,-5.40,3.20,1.00,4.20,2.00,2.50,3.00,2.60,4.00,3.60,2.30,2.80,3.30,1.10,4.30,2.10,2.60,3.10,1.80,1.40,2.80,2.40,2.90,3.40,1.20,4.40,2.20
1,-9.00,5.00,1.00,6.00,2.00,7.00,3.00,3.50,4.00,4.50,5.00,1.00,6.00,2.00,7.00,3.00,8.00,4.00,4.50,5.00,5.50,6.00,2.00,7.00,3.00,8.00,4.00
1,-9.00,4.00,8.00,3.00,7.00,2.00,6.00,1.00,5.00,6.00,4.00,5.00,3.00,7.00,2.00,6.00,4.00,5.00,3.00,4.00,8.00,3.00,7.00,2.00,6.00,1.00,5.00
1,-9.00,6.33,3.67,7.00,5.83,3.17,5.00,5.33,2.67,3.00,6.33,3.67,1.00,5.83,3.17,8.00,5.33,2.67,6.00,6.33,3.67,4.00,5.83,3.17,2.00,5.33,2.67
1,-4.50,2.33,1.67,2.50,3.33,1.17,3.50,2.83,2.17,3.00,2.33,3.17,2.50,3.33,1.17,2.00,1.33,2.17,1.50,2.33,1.67,1.00,3.33,1.17,2.00,2.83,2.17
1,-6.75,5.75,4.75,3.75,2.75,1.75,2.44,1.44,3.81,4.50,3.50,2.50,1.50,3.88,2.88,5.25,4.25,3.25,2.25,2.94,5.31,4.31,5.00,4.00,3.00,2.00,1.00
13,-27.00,10.00,20.00,3.00,13.00,23.00,6.00,16.00,26.00,9.00,19.00,2.00,12.00,22.00,5.00,15.00,25.00,8.00,18.00,1.00,11.00,21.00,4.00,14.00,24.00,7.00,17.00
1,-3.00,2.00,2.00,1.00,2.00,2.00,2.00,2.00,1.00,2.00,1.00,1.00,1.00,2.00,1.00,2.00,2.00,2.00,1.00,2.00,1.00,1.00,1.00,1.00,2.00,1.00,1.00
1,-9.00,8.00,7.00,6.00,5.00,4.00,3.00,2.00,5.50,4.50,8.00,7.00,6.00,5.00,4.00,3.00,2.00,1.00,4.50,3.50,7.00,6.00,5.00,4.00,3.00,2.00,1.00
6,-9.00,1.00,2.00,3.00,4.00,5.00,6.00,7.00,8.00,3.00,1.00,2.00,3.00,4.00,5.00,6.00,7.00,8.00,6.00,1.00,2.00,3.00,4.00,5.00,6.00,7.00,8.00
1,-7.20,3.80,2.20,6.00,2.60,1.00,4.80,3.20,5.20,3.60,2.00,4.00,4.20,4.40,2.80,3.00,3.20,5.20,3.60,2.00,4.00,2.40,6.20,4.60,1.20,5.00,3.40
1,-5.40,4.27,3.13,2.00,2.67,3.33,4.00,3.77,2.63,2.40,1.27,3.73,4.40,3.27,2.13,1.00,1.67,4.13,3.00,2.77,1.63,1.40,2.07,2.73,3.40,2.27,1.13
1,-9.00,7.33,5.67,4.00,2.33,2.92,8.00,6.33,4.67,3.00,5.83,4.17,7.00,5.33,3.67,2.00,4.83,3.17,6.00,4.33,2.67,1.00,6.08,6.67,5.00,3.33,1.67
16,-27.00,25.00,23.00,21.00,19.00,17.00,15.00,13.00,11.00,9.00,7.00,5.00,3.00,1.00,26.00,24.00,22.00,20.00,18.00,16.00,14.00,12.00,10.00,8.00,6.00,4.00,2.00
1,-6.10,1.00,2.00,3.00,4.00,1.52,1.65,1.77,1.90,2.03,2.16,2.29,3.29,2.55,3.55,2.81,3.81,3.94,4.06,4.19,4.32,4.45,4.58,2.10,3.10,4.10,5.10
1,-5.40,2.60,2.50,2.40,2.30,2.20,3.45,2.00,1.90,1.80,4.40,1.60,1.50,1.40,4.00,3.90,3.80,1.00,3.60,3.50,3.40,1.95,3.20,3.10,3.00,2.90,2.80
1,-6.00,2.50,3.50,3.00,1.00,3.50,4.50,4.00,2.00,4.00,1.00,2.00,3.00,4.00,2.00,3.00,4.00,5.00,2.00,4.00,2.00,1.50,2.50,5.00,3.00,2.50,3.50
1,-5.40,2.50,2.30,2.10,1.90,4.40,4.20,1.30,3.80,3.60,3.40,3.20,3.00,2.80,2.60,2.40,2.20,2.00,1.80,1.60,4.10,1.20,1.00,3.50,3.30,3.10,2.90
1,-9.00,6.33,3.67,1.00,7.33,4.67,2.00,3.83,5.67,3.00,2.58,6.67,4.00,1.33,7.67,5.00,2.33,6.42,6.00,3.33,5.17,7.00,4.33,1.67,8.00,5.33,2.67
1,-6.17,3.66,4.23,4.80,2.29,5.17,3.43,4.00,4.57,2.06,4.17,3.20,3.00,4.34,1.83,3.17,2.97,2.00,4.11,1.60,2.17,2.74,1.00,3.89,1.37,1.94,2.51
1,-6.75,4.25,3.44,2.63,3.50,1.00,5.25,2.75,1.94,4.50,2.00,4.56,3.75,1.25,5.50,3.00,2.19,4.75,2.25,4.81,4.00,1.50,5.75,3.25,4.13,3.31,2.50
1,-9.00,5.33,2.79,7.00,5.58,3.04,5.00,5.83,3.29,3.00,6.08,4.67,1.00,6.33,2.67,8.00,4.33,2.92,6.00,5.71,3.17,4.00,5.96,3.42,2.00,6.21,3.67
1,-3.00,1.00,2.00,1.00,1.00,1.00,2.00,1.00,1.00,1.00,1.00,1.00,1.00,1.00,2.00,2.00,2.00,2.00,2.00,2.00,2.00,1.00,2.00,2.00,2.00,1.00,2.00
1,-3.00,2.00,1.00,1.00,1.00,1.00,1.00,2.00,2.00,2.00,1.00,1.00,2.00,2.00,1.00,1.00,2.00,2.00,1.00,1.00,1.00,2.00,2.00,2.00,2.00,2.00,1.00
1,-6.00,2.00,4.00,3.00,2.00,1.00,1.50,3.50,4.00,3.00,2.00,2.50,3.00,5.00,1.00,3.00,3.50,4.00,3.00,2.00,2.50,4.50,5.00,4.00,3.00,2.00,4.00
1,-9.00,7.00,5.00,3.00,5.50,8.00,6.00,4.00,6.50,4.50,7.00,5.00,3.00,5.50,3.50,6.00,4.00,2.00,4.50,2.50,5.00,3.00,1.00,3.50,6.00,4.00,2.00
1,-9.00,4.00,6.00,2.00,3.00,6.00,4.00,3.00,6.00,6.00,4.00,6.00,8.00,3.00,6.00,1.00,3.00,5.00,3.00,3.00,6.00,5.00,3.00,6.00,7.00,3.00,5.00
2,-9.00,2.00,4.00,6.00,8.00,1.00,3.00,5.00,7.00,4.50,2.00,4.00,6.00,3.50,5.50,3.00,5.00,7.00,4.50,2.00,4.00,6.00,8.00,1.00,3.00,5.00,7.00
1,-9.00,5.00,1.00,6.00,2.00,7.00,3.00,3.50,4.00,3.00,5.00,4.00,6.00,2.00,7.00,3.00,5.00,4.00,6.00,5.00,5.50,6.00,2.00,7.00,3.00,8.00,4.00
1,-3.00,2.00,1.00,1.00,2.00,2.00,1.00,1.00,1.00,1.00,2.00,1.00,1.00,2.00,1.00,2.00,2.00,1.00,2.00,2.00,2.00,2.00,1.00,1.00,2.00,2.00,1.00
1,-9.00,4.00,3.50,3.00,2.50,2.00,6.00,5.50,5.00,4.50,4.00,8.00,7.50,2.50,6.50,1.50,1.00,5.00,4.50,4.00,3.50,3.00,7.00,6.50,6.00,5.50,5.00
1,-6.75,4.25,1.75,3.75,3.50,1.00,5.25,2.75,3.63,2.25,2.00,2.88,3.75,4.63,2.13,3.00,3.88,4.75,4.50,3.13,4.00,1.50,5.75,3.25,3.00,5.00,2.50
1,-4.15,2.96,1.77,2.65,2.50,1.31,1.15,1.00,1.37,2.77,1.58,1.42,1.79,2.15,2.00,2.37,2.73,2.58,1.38,2.79,3.15,3.00,2.85,1.65,1.50,2.38,1.19
1,-5.14,3.48,1.81,2.07,3.62,3.24,4.14,3.76,3.38,1.71,2.62,3.52,3.14,2.76,2.38,2.00,1.62,2.52,3.43,1.76,1.38,1.00,1.90,1.52,3.07,3.33,1.67
1,-10.80,6.20,7.00,7.80,5.90,4.00,4.80,5.60,1.00,7.20,8.00,8.80,4.20,5.00,5.80,6.60,2.00,2.80,3.60,9.80,5.20,6.00,6.80,4.90,3.00,3.80,4.60
1,-4.50,1.67,3.33,2.00,2.17,2.33,1.75,1.17,1.33,3.00,3.17,3.33,3.50,2.17,2.33,1.00,1.17,1.33,1.50,3.17,3.33,2.75,2.17,2.33,2.50,1.17,2.83
1,-6.00,1.00,2.00,3.00,4.00,2.00,3.00,1.00,2.00,3.00,4.00,5.00,3.00,4.00,2.00,3.00,1.00,2.00,3.00,4.00,5.00,3.00,4.00,2.00,3.00,4.00,5.00
1,-6.75,2.75,5.50,4.88,4.25,3.63,3.00,5.75,1.75,4.50,3.88,3.25,2.63,2.00,4.75,4.13,3.50,2.88,2.25,5.00,1.00,3.75,3.13,2.50,1.88,1.25,4.00
1,-6.00,1.00,2.00,3.00,4.00,2.00,3.00,4.00,4.00,4.00,4.00,2.00,3.00,4.00,2.00,3.00,4.00,2.00,2.00,2.00,2.00,3.00,4.00,2.00,3.00,4.00,5.00
4,-13.50,6.25,12.50,5.25,11.50,11.00,10.50,10.00,9.50,9.00,8.50,8.00,7.50,7.00,6.50,6.00,5.50,5.00,4.50,4.00,3.50,3.00,2.50,2.00,8.25,1.00,7.25
1,-5.79,3.79,1.79,1.71,3.57,3.50,3.43,3.36,1.36,3.21,1.21,3.07,3.00,1.00,4.79,2.79,2.71,4.57,2.57,4.43,2.43,2.36,2.29,2.21,4.07,4.00,2.00
13,-27.00,22.00,17.00,12.00,7.00,2.00,24.00,19.00,14.00,9.00,4.00,26.00,21.00,16.00,11.00,6.00,1.00,23.00,18.00,13.00,8.00,3.00,25.00,20.00,15.00,10.00,5.00
1,-9.00,4.07,6.33,5.00,3.67,5.93,1.00,3.27,3.73,6.00,2.87,6.03,2.00,4.27,4.73,7.00,2.97,6.13,3.00,5.27,5.73,8.00,3.07,5.33,4.00,2.67,4.93
1,-6.30,2.63,4.37,4.30,2.43,2.37,3.65,2.23,4.87,2.10,2.93,2.87,1.00,1.83,4.47,5.30,3.43,3.37,4.20,1.43,4.07,2.65,3.93,3.87,2.00,1.93,3.67
1,-7.71,6.71,5.71,4.71,3.71,2.71,5.57,4.57,4.86,5.14,5.43,4.43,3.43,2.43,5.29,4.29,3.29,2.29,2.57,2.86,3.14,2.14,5.00,4.00,3.00,2.00,1.00
1,-6.23,2.23,2.38,2.54,2.69,4.92,3.00,5.23,1.23,2.08,3.62,3.77,3.92,2.00,4.23,2.31,2.46,2.62,4.15,5.00,1.00,3.23,1.31,3.54,3.69,3.85,4.00
1,-3.00,2.00,2.00,1.00,1.00,1.00,2.00,2.00,1.00,1.00,2.00,1.00,1.00,2.00,1.00,2.00,2.00,1.00,2.00,2.00,1.00,1.00,2.00,2.00,2.00,1.00,1.00
1,-13.50,12.50,11.50,10.50,9.50,8.50,7.50,6.50,5.50,4.50,3.50,9.25,8.25,7.25,6.25,5.25,4.25,10.00,9.00,8.00,7.00,6.00,5.00,4.00,3.00,2.00,1.00
14,-27.00,16.00,5.00,21.00,10.00,26.00,15.00,4.00,20.00,9.00,25.00,14.00,3.00,19.00,8.00,24.00,13.00,2.00,18.00,7.00,23.00,12.00,1.00,17.00,6.00,22.00,11.00
26,-27.00,2.00,4.00,6.00,8.00,10.00,12.00,14.00,16.00,18.00,20.00,22.00,24.00,26.00,1.00,3.00,5.00,7.00,9.00,11.00,13.00,15.00,17.00,19.00,21.00,23.00,25.00
1,-9.00,3.33,6.67,1.00,4.33,4.67,2.00,5.33,5.67,3.00,6.33,6.67,4.00,7.33,1.67,5.00,2.33,2.67,6.00,3.33,3.67,7.00,4.33,4.67,8.00,2.33,5.67
1,-9.00,5.17,5.83,2.00,2.67,3.33,4.00,4.67,5.33,6.00,2.17,7.33,8.00,4.17,4.83,1.00,1.67,6.83,3.00,3.67,4.33,5.00,5.67,6.33,7.00,3.17,3.83
1,-9.00,5.00,5.50,1.50,2.00,7.00,3.00,3.50,4.00,4.50,5.00,1.00,6.00,6.50,2.50,3.00,8.00,4.00,4.50,5.00,5.50,6.00,2.00,7.00,7.50,3.50,4.00
1,-5.40,1.40,2.80,4.20,2.90,4.30,3.00,4.40,3.10,1.80,3.20,1.90,3.30,2.00,3.40,2.10,3.50,2.20,3.60,2.30,1.00,2.40,1.10,2.50,1.20,2.60,4.00
1,-9.00,5.75,2.50,6.00,5.00,4.00,3.00,2.00,1.00,4.50,3.50,7.00,6.00,5.00,4.00,3.00,2.00,5.50,4.50,8.00,7.00,6.00,5.00,4.00,3.00,6.50,3.25
1,-9.00,5.08,3.42,4.00,4.58,2.92,8.00,6.33,2.42,3.00,5.83,4.17,7.00,5.33,3.67,2.00,4.83,3.17,6.00,6.58,2.67,1.00,6.08,4.42,5.00,5.58,3.92
1,-9.00,6.42,3.83,8.00,7.67,7.33,7.00,6.67,6.33,6.00,5.67,5.33,5.00,4.67,4.33,4.00,3.67,3.33,3.00,2.67,2.33,2.00,1.67,1.33,1.00,5.17,2.58
1,-9.00,5.00,5.50,1.50,6.50,2.50,3.00,8.00,4.00,4.50,5.00,5.50,6.00,2.00,7.00,3.00,3.50,4.00,4.50,5.00,1.00,6.00,6.50,2.50,7.50,3.50,4.00
1,-9.00,6.24,3.48,2.00,5.67,2.90,4.00,6.38,3.62,6.00,5.81,3.05,8.00,5.24,3.76,1.00,5.95,3.19,3.00,5.38,2.62,5.00,6.10,3.33,7.00,5.52,2.76
1,-4.50,3.00,2.50,1.75,1.50,1.50,3.50,3.00,1.50,3.00,3.00,1.50,2.50,3.00,1.50,2.00,3.00,1.50,1.50,3.00,1.50,1.00,3.00,3.00,2.75,2.00,1.50
1,-13.50,11.00,8.50,6.00,3.50,1.00,12.00,9.50,7.00,4.50,2.00,6.25,10.50,8.00,5.50,3.00,7.25,11.50,9.00,6.50,4.00,1.50,12.50,10.00,7.50,5.00,2.50
6,-9.00,2.00,4.00,6.00,8.00,1.00,3.00,5.00,7.00,3.00,2.00,4.00,6.00,8.00,1.00,3.00,5.00,7.00,6.00,2.00,4.00,6.00,8.00,1.00,3.00,5.00,7.00
3,-9.00,1.00,2.00,3.00,4.00,5.00,6.00,7.00,5.00,3.00,1.00,2.00,3.00,4.00,5.00,6.00,7.00,8.00,6.00,4.00,2.00,3.00,4.00,5.00,6.00,7.00,8.00
1,-4.61,3.12,3.61,2.12,2.61,1.12,2.93,3.41,3.24,3.07,2.24,2.73,1.24,1.73,2.88,3.37,1.88,2.37,1.54,1.37,1.20,1.68,3.49,2.00,2.49,1.00,1.49
1,-5.40,2.20,4.40,1.20,3.40,2.00,2.40,2.80,3.20,1.80,4.00,4.40,3.00,3.40,2.00,2.40,1.00,1.40,3.60,2.20,2.60,3.00,3.40,2.00,4.20,1.00,3.20
1,-6.23,2.62,5.23,1.62,4.23,4.77,3.23,3.77,2.23,2.77,3.31,3.85,4.38,2.85,3.38,1.85,2.38,2.92,3.46,4.00,2.46,3.00,1.46,2.00,4.62,1.00,3.62
1,-4.50,1.33,2.67,1.75,3.08,2.17,3.50,2.58,1.67,3.00,2.08,1.17,2.50,1.58,2.92,2.00,3.33,2.42,1.50,2.83,1.92,1.00,2.33,1.42,2.75,1.83,3.17
1,-5.40,2.60,3.85,2.40,2.30,2.20,3.45,2.00,1.90,3.15,4.40,2.95,4.20,1.40,4.00,1.20,2.45,1.00,2.25,3.50,3.40,1.95,3.20,3.10,3.00,1.55,2.80
1,-6.75,4.44,2.13,1.50,4.25,3.63,3.00,5.75,5.13,4.50,3.88,3.25,2.63,2.00,4.75,4.13,3.50,2.88,2.25,1.63,1.00,3.75,3.13,2.50,5.25,4.63,2.31
1,-9.00,6.67,4.33,2.00,4.17,1.83,4.00,6.17,3.83,6.00,3.67,5.83,8.00,5.67,3.33,1.00,3.17,5.33,3.00,5.17,2.83,5.00,7.17,4.83,7.00,4.67,2.33
1,-6.75,2.88,5.75,1.88,4.75,2.56,3.75,3.25,2.75,2.25,1.75,2.94,2.44,1.94,4.81,4.31,3.81,5.00,4.50,4.00,3.50,3.00,4.19,2.00,4.88,1.00,3.88
1,-9.00,1.33,2.67,4.00,5.33,6.67,8.00,4.83,6.17,3.00,4.33,5.67,7.00,3.83,5.17,2.00,3.33,4.67,6.00,2.83,4.17,1.00,2.33,3.67,5.00,6.33,7.67
1,-9.00,6.17,3.33,8.00,6.67,3.83,7.00,5.67,4.33,6.00,6.17,3.33,5.00,5.17,3.83,4.00,5.67,2.83,3.00,4.67,3.33,2.00,5.17,2.33,1.00,5.67,2.83
1,-9.00,6.17,5.58,5.00,4.42,3.83,1.00,2.67,6.58,6.00,3.17,4.83,2.00,3.67,5.33,7.00,4.17,5.83,3.00,2.42,6.33,8.00,5.17,4.58,4.00,3.42,2.83
1,-4.50,3.33,2.17,1.00,2.83,3.17,2.00,1.58,1.17,3.00,2.58,2.17,1.75,1.33,3.17,2.75,2.33,1.92,1.50,3.33,2.92,2.50,1.33,1.67,3.50,2.33,1.17
3,-13.50,2.00,4.00,6.00,8.00,10.00,12.00,7.25,2.50,4.50,6.50,8.50,10.50,12.50,1.00,3.00,5.00,7.00,9.00,11.00,6.25,1.50,3.50,5.50,7.50,9.50,11.50
1,-9.00,6.33,3.67,1.00,7.33,4.67,2.00,3.83,5.67,3.00,4.83,6.67,4.00,5.83,3.17,5.00,2.33,4.17,6.00,3.33,5.17,7.00,4.33,1.67,8.00,5.33,2.67
1,-3.00,2.00,2.00,1.00,1.00,1.00,1.00,2.00,2.00,1.00,2.00,2.00,1.00,2.00,1.00,2.00,1.00,1.00,2.00,1.00,1.00,2.00,2.00,2.00,2.00,1.00,1.00
1,-9.00,3.67,7.33,2.00,5.67,4.83,4.00,3.17,2.33,6.00,5.17,4.33,8.00,2.67,6.33,1.00,4.67,3.83,3.00,6.67,5.83,5.00,4.17,3.33,7.00,1.67,5.33
1,-6.75,4.00,1.25,3.56,2.50,4.81,3.75,1.00,1.63,2.25,2.88,3.50,4.13,4.75,2.00,2.63,3.25,3.88,4.50,5.13,5.75,3.00,1.94,4.25,3.19,5.50,2.75
1,-6.75,5.50,4.25,3.00,5.13,3.88,2.63,4.75,3.50,2.25,1.00,3.13,5.25,4.00,2.75,1.50,3.63,5.75,4.50,3.25,2.00,4.13,2.88,1.63,3.75,2.50,1.25
1,-9.00,4.00,5.00,3.00,7.00,2.00,6.00,1.00,5.00,6.00,4.00,8.00,3.00,7.00,2.00,6.00,1.00,5.00,3.00,4.00,8.00,3.00,7.00,2.00,6.00,4.00,5.00
1,-13.50,6.25,12.50,5.25,11.50,4.25,10.50,3.25,9.50,9.00,8.50,8.00,7.50,7.00,6.50,6.00,5.50,5.00,4.50,4.00,10.25,3.00,9.25,2.00,8.25,1.00,7.25
1,-4.50,2.00,2.75,1.50,1.00,2.00,3.00,2.50,2.00,3.00,2.50,3.50,1.50,3.50,1.00,3.00,1.00,2.00,1.50,2.50,2.00,1.50,2.50,3.50,3.00,1.75,2.50
1,-6.75,2.13,4.25,3.00,5.13,3.88,2.63,4.75,3.50,2.25,1.00,3.13,1.88,4.00,2.75,4.88,3.63,5.75,4.50,3.25,2.00,4.13,2.88,1.63,3.75,2.50,4.63
1,-9.00,2.00,4.00,6.00,5.75,1.00,3.00,5.00,2.50,4.50,2.00,4.00,6.00,3.50,5.50,3.00,5.00,7.00,4.50,6.50,4.00,6.00,8.00,3.25,3.00,5.00,7.00
1,-4.91,1.27,2.55,1.36,2.64,3.91,1.50,1.55,1.59,1.64,2.91,2.95,3.00,1.82,3.09,1.91,1.95,2.00,3.27,3.32,3.36,3.41,1.00,2.27,3.55,2.36,3.64
1,-6.75,3.25,4.81,3.00,2.88,2.75,2.63,2.50,5.75,2.25,5.50,2.00,5.25,1.75,5.00,1.50,4.75,1.25,4.50,1.00,4.25,4.13,4.00,3.88,3.75,1.94,3.50
1,-9.00,5.53,2.97,4.00,5.93,2.47,8.00,4.53,2.87,3.00,4.93,3.27,7.00,3.53,5.47,2.00,5.73,4.07,6.00,6.13,4.47,1.00,6.53,3.07,5.00,6.03,3.47
1,-6.00,2.67,2.33,2.00,4.67,4.33,1.00,3.67,3.33,3.00,2.67,3.83,2.00,4.67,1.33,4.00,2.17,3.33,3.00,2.67,2.33,5.00,1.67,1.33,4.00,3.67,3.33
1,-3.00,2.00,2.00,1.00,2.00,2.00,2.00,1.00,1.00,2.00,2.00,2.00,2.00,2.00,1.00,1.00,1.00,1.00,1.00,2.00,2.00,1.00,1.00,1.00,2.00,1.00,1.00
2,-9.00,1.33,2.67,4.00,5.33,6.67,8.00,2.58,1.67,3.00,4.33,5.67,7.00,3.83,5.17,2.00,3.33,4.67,6.00,7.33,6.42,1.00,2.33,3.67,5.00,6.33,7.67
2,-9.00,1.00,2.00,3.00,4.00,5.00,6.00,7.00,8.00,4.50,5.50,2.00,3.00,4.00,5.00,6.00,7.00,3.50,4.50,1.00,2.00,3.00,4.00,5.00,6.00,7.00,8.00
1,-9.00,5.50,2.00,3.00,4.00,5.00,6.00,7.00,6.50,3.00,1.00,5.00,3.00,4.00,5.00,6.00,4.00,8.00,6.00,2.50,2.00,3.00,4.00,5.00,6.00,7.00,3.50
1,-6.14,2.27,4.55,3.14,2.95,4.00,1.36,3.64,1.00,3.27,1.86,4.14,2.73,5.00,1.14,3.41,2.00,4.27,2.86,5.14,2.50,4.77,2.14,3.18,3.00,1.59,3.86
1,-9.00,5.50,2.00,3.00,4.00,5.00,6.00,7.00,8.00,4.50,5.50,2.00,3.00,4.00,5.00,6.00,7.00,3.50,4.50,1.00,2.00,3.00,4.00,5.00,6.00,7.00,3.50
1,-9.00,5.33,1.67,7.00,3.33,2.67,5.00,1.33,6.67,3.00,5.33,4.67,1.00,6.33,2.67,8.00,4.33,3.67,6.00,2.33,7.67,4.00,6.33,5.67,2.00,7.33,3.67
1,-9.00,4.17,3.83,8.00,3.17,2.83,7.00,6.67,6.33,6.00,5.67,5.33,5.00,4.67,4.33,4.00,3.67,3.33,3.00,2.67,2.33,2.00,6.17,5.83,1.00,5.17,4.83
1,-3.00,2.00,1.00,1.00,1.00,1.00,2.00,1.00,2.00,2.00,1.00,2.00,2.00,2.00,1.00,1.00,1.00,2.00,1.00,1.00,2.00,1.00,2.00,2.00,2.00,2.00,1.00
1,-9.00,7.00,5.00,3.00,1.00,8.00,6.00,4.00,2.00,3.00,7.00,5.00,3.00,1.00,8.00,6.00,4.00,2.00,6.00,7.00,5.00,3.00,1.00,8.00,6.00,4.00,2.00
1,-5.40,3.20,1.00,4.20,2.00,1.00,3.00,1.40,4.00,1.80,2.00,2.80,2.40,2.60,2.80,3.00,2.60,3.40,3.60,1.40,4.00,2.40,4.40,3.40,1.20,4.40,2.20
4,-13.50,3.50,7.00,10.50,7.25,4.00,7.50,11.00,1.00,4.50,8.00,11.50,1.50,5.00,8.50,12.00,2.00,5.50,9.00,12.50,2.50,6.00,9.50,6.25,3.00,6.50,10.00
2,-9.00,2.58,5.17,1.00,1.33,3.92,2.00,2.33,2.67,3.00,3.33,3.67,4.00,4.33,4.67,5.00,5.33,5.67,6.00,6.33,6.67,7.00,5.08,7.67,8.00,3.83,6.42
1,-5.40,2.80,2.90,3.00,3.10,3.20,3.30,3.40,3.50,3.60,1.00,1.10,1.20,4.00,1.40,4.20,4.30,4.40,1.80,1.90,2.00,2.10,2.20,2.30,2.40,2.50,2.60
1,-9.00,4.00,2.00,3.00,4.00,2.00,6.00,4.00,5.00,6.00,4.00,8.00,3.00,7.00,2.00,6.00,1.00,5.00,3.00,4.00,5.00,3.00,7.00,5.00,6.00,7.00,5.00
1,-6.75,2.38,2.50,3.75,5.00,4.00,4.13,2.00,3.25,3.38,5.75,1.38,1.50,2.75,4.00,5.25,5.38,1.00,3.38,3.50,4.75,2.63,2.75,1.75,3.00,4.25,4.38
1,-6.75,2.50,1.63,4.13,3.25,5.75,1.50,4.00,3.13,2.25,4.75,3.88,3.00,5.50,1.25,3.75,2.88,2.00,4.50,3.63,2.75,5.25,1.00,3.50,2.63,5.13,4.25
1,-9.00,5.00,1.00,6.00,2.00,7.00,3.00,8.00,4.00,6.00,5.00,4.00,6.00,2.00,7.00,3.00,5.00,4.00,3.00,5.00,1.00,6.00,2.00,7.00,3.00,8.00,4.00
1,-9.00,4.00,3.50,3.00,2.50,6.50,6.00,1.00,5.00,4.50,4.00,3.50,3.00,7.00,2.00,6.00,5.50,5.00,4.50,4.00,8.00,3.00,2.50,6.50,6.00,5.50,5.00
1,-13.50,2.00,4.00,6.00,8.00,10.00,5.25,7.25,9.25,4.50,6.50,8.50,10.50,12.50,1.00,3.00,5.00,7.00,9.00,4.25,6.25,8.25,3.50,5.50,7.50,9.50,11.50
1,-9.00,2.00,4.00,6.00,8.00,3.25,3.00,5.00,7.00,4.50,6.50,4.00,6.00,3.50,5.50,3.00,5.00,2.50,4.50,2.00,4.00,6.00,5.75,1.00,3.00,5.00,7.00
1,-4.50,1.33,2.67,1.75,3.08,2.17,3.50,1.46,1.67,3.00,3.21,1.17,2.50,1.58,2.92,2.00,3.33,1.29,1.50,2.83,3.04,1.00,2.33,1.42,2.75,1.83,3.17
1,-6.00,4.00,5.00,3.00,4.00,2.00,3.00,4.00,2.00,3.00,4.00,2.00,3.00,1.00,5.00,3.00,4.00,2.00,3.00,4.00,2.00,3.00,4.00,2.00,3.00,1.00,2.00
1,-9.00,2.67,5.33,8.00,4.67,4.33,7.00,3.67,3.33,6.00,2.67,2.33,5.00,7.67,1.33,4.00,6.67,6.33,3.00,5.67,5.33,2.00,4.67,4.33,1.00,3.67,6.33
2,-13.50,8.50,3.50,5.25,7.00,2.00,10.50,5.50,7.25,9.00,4.00,12.50,7.50,2.50,11.00,6.00,1.00,9.50,4.50,6.25,8.00,3.00,11.50,6.50,8.25,10.00,5.00
1,-13.50,10.00,6.50,3.00,6.25,9.50,6.00,2.50,12.50,9.00,5.50,2.00,12.00,8.50,5.00,1.50,11.50,8.00,4.50,1.00,11.00,7.50,4.00,7.25,10.50,7.00,3.50
1,-4.50,3.00,3.00,3.00,1.50,2.00,1.50,3.00,1.50,1.50,3.00,3.50,3.00,2.00,2.50,1.50,1.00,1.50,3.00,3.00,1.50,3.00,2.50,3.00,1.50,1.50,1.50
1,-9.00,2.00,4.00,6.00,3.50,1.00,3.00,5.00,7.00,4.50,2.00,4.00,6.00,3.50,5.50,3.00,5.00,7.00,4.50,2.00,4.00,6.00,8.00,5.50,3.00,5.00,7.00
1,-4.66,1.62,3.24,3.00,1.83,3.45,3.21,2.97,3.66,1.55,3.17,2.00,1.76,2.45,2.21,2.90,2.66,1.48,3.10,1.00,1.69,1.45,1.21,2.83,1.66,1.41,3.03
1,-9.00,4.67,2.58,5.00,5.17,5.33,1.00,5.67,3.58,6.00,6.17,6.33,2.00,6.67,2.33,7.00,2.67,2.83,3.00,5.42,3.33,8.00,3.67,3.83,4.00,6.42,4.33
1,-4.50,2.67,3.08,3.50,1.67,2.08,2.50,2.92,1.08,1.50,1.92,2.33,2.75,3.17,1.33,1.75,2.17,2.58,3.00,3.42,1.58,2.00,2.42,2.83,1.00,1.42,1.83
2,-9.00,7.00,5.00,3.00,5.50,8.00,6.00,4.00,2.00,4.50,7.00,5.00,3.00,1.00,8.00,6.00,4.00,2.00,4.50,7.00,5.00,3.00,1.00,3.50,6.00,4.00,2.00
1,-9.00,6.67,4.33,2.00,2.67,3.33,4.00,4.67,5.33,6.00,6.67,7.33,8.00,5.67,3.33,1.00,1.67,2.33,3.00,3.67,4.33,5.00,5.67,6.33,7.00,4.67,2.33
1,-3.00,2.00,2.00,2.00,1.00,1.00,1.00,1.00,2.00,1.00,1.00,1.00,2.00,1.00,2.00,1.00,2.00,2.00,2.00,1.00,2.00,2.00,2.00,2.00,1.00,1.00,1.00
1,-3.00,1.00,1.00,2.00,2.00,2.00,2.00,1.00,2.00,1.00,1.00,2.00,1.00,1.00,2.00,2.00,1.00,2.00,2.00,1.00,2.00,1.00,1.00,1.00,1.00,2.00,2.00
1,-10.80,9.80,8.80,7.80,6.80,5.80,4.80,3.80,8.20,7.20,6.20,5.20,4.20,3.20,7.60,6.60,5.60,4.60,3.60,2.60,7.00,6.00,5.00,4.00,3.00,2.00,1.00
10,-27.00,19.00,11.00,3.00,22.00,14.00,6.00,25.00,17.00,9.00,1.00,20.00,12.00,4.00,23.00,15.00,7.00,26.00,18.00,10.00,2.00,21.00,13.00,5.00,24.00,16.00,8.00
1,-6.75,3.50,5.31,3.75,3.88,4.00,2.44,4.25,1.00,4.50,1.25,4.75,1.50,5.00,1.75,5.25,2.00,5.50,2.25,5.75,2.50,4.31,2.75,2.88,3.00,1.44,3.25
1,-9.00,3.00,6.00,4.00,3.00,6.00,8.00,3.00,6.00,3.00,3.00,6.00,7.00,3.00,6.00,2.00,3.00,6.00,6.00,3.00,6.00,1.00,3.00,6.00,5.00,3.00,6.00
2,-6.75,5.13,3.50,5.25,3.63,2.00,3.75,5.50,3.88,2.25,4.00,5.75,4.13,2.50,4.25,2.63,1.00,2.75,4.50,2.88,1.25,3.00,4.75,3.13,1.50,3.25,1.63
1,-4.50,2.13,2.00,3.00,1.75,2.75,1.50,2.50,3.50,1.69,1.00,2.00,1.31,3.44,1.06,3.19,2.50,3.50,2.81,1.00,2.00,3.00,1.75,2.75,1.50,2.50,2.38
2,-13.50,3.50,7.00,10.50,7.25,4.00,7.50,4.25,1.00,4.50,8.00,11.50,8.25,5.00,8.50,5.25,2.00,5.50,9.00,12.50,9.25,6.00,9.50,6.25,3.00,6.50,10.00
1,-5.40,2.00,2.20,2.40,4.40,2.80,3.00,1.40,3.40,1.80,2.00,4.00,2.40,4.40,1.00,3.00,1.40,3.40,3.60,2.00,4.00,2.40,2.60,1.00,3.00,3.20,3.40
2,-9.00,7.00,5.00,3.00,1.00,3.50,6.00,4.00,2.00,4.50,7.00,5.00,3.00,1.00,8.00,6.00,4.00,2.00,4.50,7.00,5.00,3.00,5.50,8.00,6.00,4.00,2.00
1,-13.50,6.50,6.25,6.00,12.50,5.50,5.25,5.00,11.50,4.50,4.25,4.00,10.50,3.50,10.00,3.00,9.50,9.25,9.00,2.00,8.50,8.25,8.00,1.00,7.50,7.25,7.00
1,-3.00,1.00,1.00,1.00,2.00,1.00,2.00,1.00,1.00,1.00,2.00,1.00,1.00,2.00,1.00,2.00,2.00,1.00,2.00,2.00,2.00,1.00,2.00,1.00,2.00,2.00,2.00
24,-27.00,11.00,22.00,6.00,17.00,1.00,12.00,23.00,7.00,18.00,2.00,13.00,24.00,8.00,19.00,3.00,14.00,25.00,9.00,20.00,4.00,15.00,26.00,10.00,21.00,5.00,16.00
1,-4.91,1.00,2.00,3.00,1.55,2.55,3.55,3.32,3.09,1.64,2.64,3.64,3.41,3.18,1.73,1.50,1.27,2.27,3.27,1.82,1.59,1.36,2.36,3.36,1.91,2.91,3.91
1,-9.00,5.50,2.00,3.00,4.00,5.00,6.00,7.00,6.50,3.00,1.00,2.00,3.00,4.00,5.00,6.00,7.00,8.00,6.00,2.50,2.00,3.00,4.00,5.00,6.00,7.00,3.50
1,-9.00,3.50,7.00,6.00,5.00,4.00,3.00,2.00,2.50,6.00,8.00,7.00,6.00,5.00,4.00,3.00,2.00,1.00,3.00,6.50,7.00,6.00,5.00,4.00,3.00,2.00,5.50
1,-9.00,8.00,7.00,6.00,5.00,4.00,3.00,2.00,5.50,4.50,3.50,2.50,1.50,5.00,4.00,7.50,6.50,5.50,4.50,3.50,7.00,6.00,5.00,4.00,3.00,2.00,1.00
2,-9.00,7.67,6.33,5.00,3.67,2.33,1.00,2.67,7.33,6.00,4.67,3.33,2.00,3.67,5.33,7.00,5.67,4.33,3.00,1.67,6.33,8.00,6.67,5.33,4.00,2.67,1.33
15,-27.00,26.00,25.00,24.00,23.00,22.00,21.00,20.00,19.00,18.00,17.00,16.00,15.00,14.00,13.00,12.00,11.00,10.00,9.00,8.00,7.00,6.00,5.00,4.00,3.00,2.00,1.00
1,-6.00,3.33,2.17,4.00,4.33,4.67,2.00,2.33,2.67,3.00,3.33,3.67,1.00,4.33,1.67,5.00,2.33,2.67,3.00,3.33,3.67,4.00,1.33,1.67,2.00,3.83,2.67
1,-5.00,2.67,3.33,3.00,2.67,3.33,1.00,1.67,3.33,3.00,1.67,3.33,1.00,2.67,2.33,4.00,1.67,3.33,2.00,1.67,3.33,4.00,1.67,2.33,2.00,1.67,2.33
1,-9.00,2.33,4.67,7.00,3.33,2.67,5.00,7.33,6.67,3.00,5.33,4.67,1.00,3.33,5.67,8.00,4.33,3.67,6.00,2.33,1.67,4.00,6.33,5.67,2.00,4.33,6.67
3,-9.00,7.33,5.67,4.00,2.33,5.17,8.00,6.33,4.67,3.00,1.33,6.42,7.00,5.33,3.67,2.00,2.58,7.67,6.00,4.33,2.67,1.00,3.83,6.67,5.00,3.33,1.67
1,-5.68,3.58,1.47,3.63,1.53,3.68,1.58,2.32,3.05,3.79,3.11,1.00,3.16,1.05,4.63,2.53,4.68,2.58,1.89,2.63,3.37,4.11,2.00,4.16,2.05,4.21,2.11
1,-9.00,5.17,1.33,2.00,2.67,3.33,4.00,4.67,5.33,6.00,6.67,2.83,8.00,4.17,4.83,1.00,6.17,2.33,3.00,3.67,4.33,5.00,5.67,6.33,7.00,7.67,3.83
1,-4.76,1.88,1.65,2.47,3.29,2.53,1.76,1.00,1.82,1.59,3.47,2.71,3.53,2.76,2.00,1.24,2.06,1.29,3.18,2.94,3.76,3.00,2.24,1.47,2.29,3.12,2.88
1,-13.50,8.00,2.50,10.50,5.00,6.25,7.50,2.00,10.00,4.50,12.50,7.00,8.25,9.50,4.00,5.25,6.50,1.00,9.00,3.50,11.50,6.00,7.25,8.50,3.00,11.00,5.50
1,-7.71,3.29,6.57,2.14,5.43,1.00,4.29,3.71,3.14,2.57,2.00,5.29,4.71,4.14,3.57,3.00,2.43,5.71,5.14,4.57,4.00,3.43,6.71,2.29,5.57,1.14,4.43
2,-9.00,5.83,2.67,4.00,5.33,6.67,8.00,4.83,6.17,3.00,4.33,5.67,7.00,3.83,5.17,2.00,3.33,4.67,6.00,2.83,4.17,1.00,2.33,3.67,5.00,6.33,3.17
1,-6.75,3.25,4.81,3.00,2.88,2.75,2.63,2.50,5.75,2.25,3.81,2.00,5.25,1.75,5.00,1.50,4.75,2.94,4.50,1.00,4.25,4.13,4.00,3.88,3.75,1.94,3.50
1,-5.40,3.20,1.00,1.50,2.00,2.50,3.00,3.50,4.00,1.80,3.65,2.80,3.30,1.10,4.30,2.10,2.60,1.75,3.60,1.40,1.90,2.40,2.90,3.40,3.90,4.40,2.20
1,-5.40,2.80,2.00,3.00,2.20,3.20,2.40,3.40,4.40,1.80,1.00,2.00,1.20,4.00,1.40,4.20,3.40,4.40,3.60,1.00,2.00,3.00,2.20,3.20,2.40,3.40,2.60
1,-9.00,3.67,4.33,8.00,2.67,6.33,7.00,1.67,5.33,6.00,3.67,4.33,5.00,5.67,3.33,4.00,4.67,5.33,3.00,3.67,7.33,2.00,2.67,6.33,1.00,4.67,5.33
1,-4.50,2.33,3.17,1.00,3.33,2.67,2.00,1.33,2.92,3.00,2.33,3.17,2.50,3.33,1.17,2.00,1.33,2.17,1.50,1.58,3.17,2.50,1.83,1.17,3.50,1.33,2.17
6,-9.00,8.00,7.00,6.00,5.00,4.00,3.00,2.00,1.00,3.00,8.00,7.00,6.00,5.00,4.00,3.00,2.00,1.00,6.00,8.00,7.00,6.00,5.00,4.00,3.00,2.00,1.00
1,-6.75,2.88,5.75,5.25,4.75,4.25,3.75,3.25,2.75,2.25,1.75,1.25,2.44,5.31,1.44,4.31,5.50,5.00,4.50,4.00,3.50,3.00,2.50,2.00,1.50,1.00,3.88
1,-9.00,5.83,2.67,4.00,5.33,2.17,8.00,4.83,3.92,3.00,4.33,3.42,7.00,6.08,2.92,2.00,5.58,4.67,6.00,5.08,4.17,1.00,6.83,3.67,5.00,6.33,3.17
1,-9.00,3.67,2.83,2.00,5.67,4.83,4.00,3.17,6.83,6.00,5.17,4.33,8.00,2.67,6.33,1.00,4.67,3.83,3.00,2.17,5.83,5.00,4.17,3.33,7.00,6.17,5.33
3,-9.00,4.67,2.58,5.00,5.17,5.33,1.00,5.67,1.33,6.00,1.67,6.33,2.00,6.67,2.33,7.00,2.67,7.33,3.00,7.67,3.33,8.00,3.67,3.83,4.00,6.42,4.33
16,-27.00,8.00,16.00,24.00,5.00,13.00,21.00,2.00,10.00,18.00,26.00,7.00,15.00,23.00,4.00,12.00,20.00,1.00,9.00,17.00,25.00,6.00,14.00,22.00,3.00,11.00,19.00
1,-6.75,4.00,4.63,4.13,2.50,2.00,3.75,1.00,5.00,4.50,2.88,2.38,1.88,4.75,2.00,4.88,4.38,3.88,2.25,1.75,5.75,3.00,4.75,4.25,2.63,2.13,2.75
1,-9.00,2.47,3.13,2.00,2.67,5.13,4.00,2.87,5.33,6.00,4.87,5.53,8.00,3.27,5.73,1.00,3.47,4.13,3.00,3.67,6.13,5.00,3.87,6.33,7.00,5.87,6.53
1,-9.00,4.67,5.73,5.00,2.47,5.33,1.00,5.67,4.93,6.00,1.67,6.33,2.00,6.67,2.33,7.00,2.67,7.33,3.00,4.07,3.33,8.00,3.67,6.53,4.00,3.27,4.33
1,-9.00,1.67,3.33,5.00,6.67,6.53,1.00,2.67,4.33,6.00,4.07,5.73,2.00,3.67,5.33,7.00,3.27,4.93,3.00,4.67,6.33,8.00,2.47,2.33,4.00,5.67,7.33
1,-4.70,3.48,2.26,1.04,1.00,3.30,2.09,2.04,2.00,3.13,3.09,1.87,3.00,1.78,2.91,1.70,2.83,1.61,1.57,2.70,2.65,2.61,1.39,3.70,3.65,2.43,1.22
1,-9.00,4.00,5.00,3.00,1.00,3.50,6.00,4.00,2.00,3.00,7.00,5.00,3.00,2.50,6.50,6.00,4.00,2.00,6.00,7.00,5.00,3.00,5.50,8.00,6.00,4.00,5.00
2,-13.50,1.00,2.00,3.00,4.00,5.00,6.00,7.00,8.00,9.00,10.00,11.00,12.00,6.25,7.25,1.50,2.50,3.50,4.50,5.50,6.50,7.50,8.50,9.50,10.50,11.50,12.50
1,-9.00,3.00,5.00,1.00,3.00,6.00,2.00,3.00,6.00,3.00,3.00,6.00,4.00,4.00,5.00,5.00,3.00,6.00,6.00,3.00,6.00,7.00,3.00,6.00,8.00,4.00,6.00
1,-9.00,4.00,8.00,3.00,7.00,2.00,6.00,5.50,5.00,4.50,4.00,8.00,3.00,7.00,2.00,6.00,1.00,5.00,4.50,4.00,3.50,3.00,7.00,2.00,6.00,1.00,5.00
1,-5.40,3.40,3.20,3.00,1.00,4.40,4.20,2.20,2.00,3.60,3.40,3.20,3.00,1.00,4.40,2.40,2.20,2.00,1.80,3.40,3.20,1.20,1.00,4.40,2.40,2.20,2.00
1,-4.91,3.36,1.82,2.73,1.18,2.09,3.00,3.91,2.36,2.05,2.95,3.86,3.55,2.00,2.91,1.36,1.05,1.95,2.86,2.55,1.00,1.91,2.82,3.73,2.18,3.09,1.55
1,-9.00,6.10,3.19,8.00,6.38,3.48,7.00,6.67,6.33,6.00,5.67,5.33,5.00,4.67,4.33,4.00,3.67,3.33,3.00,2.67,2.33,2.00,5.52,2.62,1.00,5.81,2.90
1,-6.00,1.33,2.67,2.50,2.33,3.67,5.00,1.83,1.67,3.00,4.33,2.67,4.00,2.33,3.67,2.00,3.33,1.67,3.00,4.33,4.17,1.00,2.33,3.67,3.50,3.33,4.67
1,-9.00,3.67,5.83,8.00,2.67,6.33,7.00,3.17,5.33,6.00,3.67,4.33,5.00,2.67,6.33,4.00,4.67,5.33,3.00,3.67,5.83,2.00,2.67,6.33,1.00,3.17,5.33
3,-13.50,6.25,12.50,12.00,11.50,11.00,10.50,10.00,9.50,9.00,8.50,8.00,7.50,7.00,6.50,6.00,5.50,5.00,4.50,4.00,3.50,3.00,2.50,2.00,1.50,1.00,7.25
1,-9.00,5.67,2.33,8.00,4.67,5.83,7.00,3.67,4.83,6.00,2.67,3.83,5.00,6.17,2.83,4.00,5.17,6.33,3.00,4.17,5.33,2.00,3.17,4.33,1.00,6.67,3.33
1,-9.00,7.00,5.00,3.00,1.00,3.50,1.50,4.00,2.00,4.50,2.50,5.00,3.00,5.50,3.50,6.00,4.00,6.50,4.50,7.00,5.00,7.50,5.50,8.00,6.00,4.00,2.00
1,-5.40,2.95,3.20,2.10,1.00,2.60,4.20,3.10,2.00,1.80,3.85,1.40,3.00,1.90,3.50,2.40,4.00,1.55,3.60,3.40,2.30,1.20,2.80,4.40,3.30,2.20,2.45
3,-13.50,2.50,5.00,7.50,10.00,12.50,1.50,4.00,6.50,9.00,11.50,7.25,3.00,5.50,8.00,10.50,6.25,2.00,4.50,7.00,9.50,12.00,1.00,3.50,6.00,8.50,11.00
4,-9.00,4.33,2.67,4.00,5.33,3.67,8.00,3.33,7.67,3.00,7.33,2.67,7.00,2.33,6.67,2.00,6.33,1.67,6.00,1.33,5.67,1.00,5.33,3.67,5.00,6.33,4.67
1,-9.00,4.00,3.50,3.00,7.00,2.00,6.00,1.00,5.00,4.50,4.00,8.00,3.00,7.00,2.00,6.00,1.00,5.00,4.50,4.00,8.00,3.00,7.00,2.00,6.00,5.50,5.00
1,-5.40,3.20,1.00,4.20,2.00,3.40,3.00,3.50,2.20,1.80,2.30,1.00,3.30,1.10,4.30,2.10,4.40,3.10,3.60,3.20,1.90,2.40,2.00,3.40,1.20,4.40,2.20
1,-4.50,2.50,1.25,2.25,1.00,3.50,1.50,1.75,2.00,1.50,2.50,2.75,3.00,1.00,3.50,1.50,1.75,2.00,3.00,2.50,2.75,3.00,1.00,3.50,2.25,3.25,2.00
1,-5.40,3.40,3.43,3.45,2.13,1.48,4.20,2.20,4.25,3.60,2.95,2.30,3.00,1.00,4.40,2.40,3.10,2.45,1.80,1.15,3.20,1.20,3.93,3.28,1.95,1.98,2.00
1,-9.00,5.24,2.76,8.00,5.52,3.05,7.00,5.81,4.62,6.00,6.10,3.62,5.00,6.38,2.62,4.00,5.38,2.90,3.00,4.38,3.19,2.00,5.95,3.48,1.00,6.24,3.76
1,-3.00,2.00,2.00,1.00,1.00,1.00,1.00,1.00,1.00,2.00,1.00,2.00,2.00,2.00,1.00,1.00,1.00,2.00,1.00,2.00,2.00,2.00,2.00,2.00,2.00,1.00,1.00
1,-5.87,1.87,3.74,4.43,1.61,2.30,3.00,4.87,3.22,3.91,3.43,1.78,2.48,2.00,3.87,3.39,4.09,2.43,1.96,2.65,1.00,2.87,3.57,4.26,1.43,2.13,4.00
1,-5.40,2.80,3.80,3.00,3.10,3.20,3.30,3.40,1.70,3.60,1.00,2.00,1.20,4.00,1.40,4.20,3.40,4.40,1.80,3.70,2.00,2.10,2.20,2.30,2.40,1.60,2.60
1,-7.36,3.73,5.00,1.36,5.09,6.36,2.73,4.00,2.82,4.09,5.36,4.18,3.00,1.82,5.55,4.36,3.18,2.00,3.27,4.55,3.36,4.64,1.00,2.27,6.00,2.36,3.64
1,-6.75,1.75,3.50,3.00,2.50,2.00,3.75,5.50,2.75,2.25,4.00,5.75,5.25,2.50,4.25,1.50,1.00,2.75,4.50,4.00,1.25,3.00,4.75,4.25,3.75,3.25,5.00
1,-9.00,1.67,3.33,5.00,6.67,6.08,1.00,2.67,4.33,6.00,3.17,4.83,2.00,3.67,5.33,7.00,4.17,5.83,3.00,4.67,6.33,8.00,2.92,2.33,4.00,5.67,7.33
1,-7.20,2.47,4.93,2.00,3.57,5.13,4.00,5.57,2.63,4.20,3.07,4.63,6.20,2.37,4.83,1.00,2.57,4.13,3.00,4.57,1.63,3.20,2.07,3.63,5.20,2.27,4.73
6,-9.00,4.00,8.00,3.00,7.00,2.00,6.00,1.00,5.00,6.00,4.00,8.00,3.00,7.00,2.00,6.00,1.00,5.00,3.00,4.00,8.00,3.00,7.00,2.00,6.00,1.00,5.00
1,-3.00,1.00,1.00,2.00,2.00,2.00,2.00,1.00,2.00,2.00,1.00,2.00,2.00,2.00,1.00,1.00,1.00,2.00,1.00,1.00,2.00,1.00,1.00,1.00,1.00,2.00,2.00
1,-9.00,3.53,6.17,7.00,3.33,4.17,5.00,3.13,6.67,3.00,3.83,4.67,1.00,2.73,6.27,8.00,4.33,5.17,6.00,2.33,5.87,4.00,4.83,5.67,2.00,2.83,5.47
1,-9.00,3.67,7.33,2.00,5.67,4.83,4.00,7.67,2.33,6.00,5.17,4.33,8.00,2.67,6.33,1.00,4.67,3.83,3.00,6.67,1.33,5.00,4.17,3.33,7.00,1.67,5.33
1,-9.00,5.67,2.33,8.00,4.67,7.33,7.00,6.67,6.33,6.00,5.67,5.33,5.00,4.67,4.33,4.00,3.67,3.33,3.00,2.67,2.33,2.00,1.67,4.33,1.00,6.67,3.33
1,-9.00,5.67,2.33,8.00,4.67,7.33,7.00,3.67,6.33,6.00,5.67,5.33,5.00,4.67,4.33,4.00,3.67,3.33,3.00,2.67,5.33,2.00,1.67,4.33,1.00,6.67,3.33
1,-6.30,3.53,4.37,4.30,4.23,3.27,3.65,4.03,2.17,2.10,2.03,1.97,1.00,4.53,1.77,5.30,4.33,4.27,4.20,4.13,2.27,2.65,3.03,2.07,2.00,1.93,2.77
1,-5.40,3.20,1.00,2.40,2.00,3.40,3.00,4.40,2.20,1.80,3.20,1.00,4.20,2.00,3.40,1.20,4.40,2.20,3.60,3.20,1.00,2.40,2.00,3.40,3.00,4.40,2.20
1,-6.52,4.48,4.31,3.21,2.10,1.00,1.76,2.52,4.21,2.17,2.00,2.76,3.52,4.28,2.24,3.00,3.76,4.52,4.34,2.31,4.00,4.76,5.52,4.41,3.31,2.21,2.03
1,-9.00,2.67,5.33,8.00,1.67,4.33,7.00,5.17,3.33,6.00,6.42,2.33,5.00,7.67,1.33,4.00,6.67,2.58,3.00,5.67,3.83,2.00,4.67,7.33,1.00,3.67,6.33
1,-7.36,3.36,4.27,5.18,3.64,2.09,3.00,6.36,2.36,3.27,4.18,2.64,1.09,2.00,5.36,6.27,4.73,3.18,4.09,5.00,1.00,4.36,5.27,3.73,2.18,3.09,4.00
1,-9.00,5.00,7.00,6.00,5.00,4.00,3.00,2.00,7.00,3.00,8.00,4.00,6.00,5.00,4.00,3.00,5.00,1.00,6.00,2.00,7.00,6.00,5.00,4.00,3.00,2.00,4.00
7,-9.00,1.00,2.00,3.00,4.00,5.00,6.00,7.00,8.00,6.00,1.00,2.00,3.00,4.00,5.00,6.00,7.00,8.00,3.00,1.00,2.00,3.00,4.00,5.00,6.00,7.00,8.00
3,-13.50,6.50,6.25,6.00,12.50,5.50,12.00,5.00,11.50,4.50,11.00,4.00,10.50,3.50,10.00,3.00,9.50,2.50,9.00,2.00,8.50,1.50,8.00,1.00,7.50,7.25,7.00
1,-9.00,7.33,5.67,4.00,6.83,5.17,8.00,6.33,4.67,3.00,5.83,4.17,7.00,5.33,3.67,2.00,4.83,3.17,6.00,4.33,2.67,1.00,3.83,2.17,5.00,3.33,1.67
1,-4.50,3.33,2.17,1.00,2.83,3.17,2.00,2.33,1.92,3.00,3.33,2.92,1.75,2.83,1.67,2.75,1.58,1.17,1.50,2.58,2.17,2.50,1.33,1.67,3.50,2.33,1.17
1,-5.40,3.20,1.00,2.04,2.00,1.96,1.92,1.88,2.92,1.80,3.92,1.72,3.84,1.64,3.76,1.56,3.68,1.48,3.60,2.48,3.52,3.48,3.44,3.40,3.36,4.40,2.20
1,-5.40,1.00,2.00,3.00,4.00,1.40,2.40,1.60,2.60,1.80,2.80,3.80,1.20,2.20,3.20,4.20,1.60,2.60,3.60,2.80,3.80,3.00,4.00,1.40,2.40,3.40,4.40
1,-3.00,2.00,1.00,2.00,1.00,1.00,1.00,2.00,2.00,1.00,1.00,1.00,2.00,2.00,1.00,1.00,2.00,2.00,2.00,1.00,1.00,2.00,2.00,2.00,1.00,2.00,1.00
16,-27.00,1.00,2.00,3.00,4.00,5.00,6.00,7.00,8.00,9.00,10.00,11.00,12.00,13.00,14.00,15.00,16.00,17.00,18.00,19.00,20.00,21.00,22.00,23.00,24.00,25.00,26.00
2,-13.50,4.00,8.00,5.25,9.25,6.50,10.50,1.00,5.00,9.00,6.25,3.50,7.50,11.50,2.00,6.00,10.00,7.25,4.50,8.50,12.50,3.00,7.00,4.25,8.25,5.50,9.50
1,-9.00,6.83,4.67,7.00,4.83,2.67,5.00,7.33,5.17,3.00,5.33,3.17,1.00,3.33,5.67,8.00,5.83,3.67,6.00,3.83,1.67,4.00,6.33,4.17,2.00,4.33,2.17
1,-9.00,5.00,4.00,6.00,2.00,7.00,3.00,8.00,4.00,6.00,5.00,1.00,6.00,2.00,7.00,3.00,8.00,4.00,3.00,5.00,1.00,6.00,2.00,7.00,3.00,5.00,4.00
1,-4.76,2.24,2.35,3.53,1.00,3.24,3.35,1.35,2.00,3.18,1.71,1.82,3.00,2.06,2.71,1.76,2.94,3.06,1.59,2.76,3.41,1.41,1.53,3.76,1.24,2.41,2.53
1,-4.35,2.97,1.58,1.50,3.16,2.65,3.00,3.35,2.84,1.45,2.68,3.03,1.65,2.00,2.35,2.71,1.32,1.68,2.90,1.52,1.00,1.35,1.71,1.19,2.85,2.77,1.39
3,-9.00,3.67,7.33,2.00,5.67,6.33,4.00,7.67,2.33,6.00,3.67,4.33,8.00,2.67,6.33,1.00,4.67,5.33,3.00,6.67,1.33,5.00,2.67,3.33,7.00,1.67,5.33
1,-9.00,6.33,3.67,1.00,7.33,4.67,2.00,3.83,5.67,3.00,4.83,2.17,4.00,5.83,3.17,5.00,6.83,4.17,6.00,3.33,5.17,7.00,4.33,1.67,8.00,5.33,2.67
4,-9.00,5.00,1.00,6.00,2.00,7.00,3.00,8.00,4.00,3.00,5.00,1.00,6.00,2.00,7.00,3.00,8.00,4.00,6.00,5.00,1.00,6.00,2.00,7.00,3.00,8.00,4.00
1,-3.00,1.00,2.00,2.00,2.00,2.00,1.00,2.00,1.00,2.00,1.00,2.00,2.00,2.00,1.00,1.00,1.00,2.00,1.00,2.00,1.00,2.00,1.00,1.00,1.00,1.00,2.00
14,-27.00,13.00,26.00,12.00,25.00,11.00,24.00,10.00,23.00,9.00,22.00,8.00,21.00,7.00,20.00,6.00,19.00,5.00,18.00,4.00,17.00,3.00,16.00,2.00,15.00,1.00,14.00
1,-5.40,4.30,3.20,2.10,1.00,1.25,1.50,1.75,2.00,2.25,2.50,2.75,1.65,3.25,2.15,3.75,2.65,2.90,3.15,3.40,3.65,3.90,4.15,4.40,3.30,2.20,1.10
1,-5.40,2.80,2.36,3.00,1.48,2.12,3.84,3.40,2.96,3.60,1.00,3.80,2.28,4.00,1.40,3.12,1.60,4.40,1.80,2.44,2.00,1.56,3.28,3.92,2.40,3.04,2.60
1,-4.50,2.00,1.75,1.50,2.38,3.25,3.00,2.75,2.50,1.50,3.13,2.88,1.50,3.50,1.00,3.00,1.63,1.38,3.00,2.00,1.75,1.50,1.25,2.13,3.00,2.75,2.50
1,-9.00,2.33,4.67,7.00,2.58,2.67,5.00,7.33,5.17,3.00,5.33,7.67,1.00,3.33,5.67,8.00,1.33,3.67,6.00,3.83,1.67,4.00,6.33,6.42,2.00,4.33,6.67
2,-9.00,5.67,2.33,8.00,4.67,1.33,7.00,3.67,2.58,6.00,2.67,3.83,5.00,1.67,7.33,4.00,5.17,6.33,3.00,6.42,5.33,2.00,7.67,4.33,1.00,6.67,3.33
1,-9.00,5.33,7.67,7.00,6.33,5.67,5.00,4.33,3.67,3.00,2.33,1.67,1.00,6.33,2.67,8.00,7.33,6.67,6.00,5.33,4.67,4.00,3.33,2.67,2.00,1.33,3.67
1,-3.00,2.00,1.00,2.00,1.00,1.00,2.00,1.00,1.00,2.00,1.00,1.00,1.00,1.00,2.00,2.00,2.00,2.00,1.00,2.00,2.00,1.00,2.00,2.00,1.00,2.00,1.00
1,-6.23,2.62,5.23,3.69,4.23,3.73,3.23,3.77,2.23,2.77,1.23,1.77,2.31,4.92,1.31,3.92,4.46,5.00,3.46,4.00,2.46,3.00,2.50,2.00,2.54,1.00,3.62
1,-9.00,5.00,4.00,3.00,8.00,4.00,3.00,2.00,7.00,3.00,5.00,4.00,6.00,5.00,4.00,3.00,5.00,4.00,6.00,2.00,7.00,6.00,5.00,1.00,6.00,5.00,4.00
16,-27.00,4.00,8.00,12.00,16.00,20.00,24.00,1.00,5.00,9.00,13.00,17.00,21.00,25.00,2.00,6.00,10.00,14.00,18.00,22.00,26.00,3.00,7.00,11.00,15.00,19.00,23.00
1,-6.10,3.03,4.32,3.00,2.55,2.10,1.65,3.81,5.10,2.03,4.19,2.00,2.42,4.58,1.52,3.68,4.10,1.90,4.06,1.00,2.29,4.45,4.00,3.55,3.10,1.77,3.06
1,-4.50,2.79,3.33,1.63,2.17,2.71,1.00,1.54,3.21,1.50,3.17,1.46,2.00,1.42,3.08,2.50,3.04,1.33,3.00,1.29,2.96,3.50,1.79,2.33,2.88,1.17,1.71
2,-9.00,4.33,6.42,4.00,3.83,3.67,8.00,3.33,7.67,3.00,7.33,2.67,7.00,2.33,6.67,2.00,6.33,1.67,6.00,1.33,5.67,1.00,5.33,5.17,5.00,2.58,4.67
1,-4.50,2.90,1.30,1.50,2.60,1.75,3.00,2.00,3.10,1.50,3.50,2.50,1.50,2.90,1.60,3.00,2.00,1.00,3.00,1.40,2.50,1.50,2.75,1.90,3.00,3.20,1.60
1,-5.40,1.40,1.90,2.40,3.80,3.40,3.00,2.60,2.20,3.60,1.40,1.00,1.50,2.00,3.40,3.90,4.40,4.00,1.80,3.20,2.80,2.40,2.00,1.60,3.00,3.50,4.00
1,-13.50,12.50,11.50,10.50,9.50,8.50,7.50,6.50,5.50,4.50,3.50,2.50,8.25,7.25,6.25,5.25,11.00,10.00,9.00,8.00,7.00,6.00,5.00,4.00,3.00,2.00,1.00
1,-5.56,2.26,4.53,1.24,3.50,1.00,2.47,1.56,1.44,3.71,2.00,2.68,2.56,2.44,3.12,3.00,2.88,3.56,1.85,4.12,4.00,3.09,4.56,2.06,4.32,1.03,3.29
1,-9.00,2.33,4.67,7.00,4.83,7.17,5.00,2.83,5.17,3.00,5.33,5.42,1.00,3.33,5.67,8.00,3.58,3.67,6.00,3.83,6.17,4.00,1.83,4.17,2.00,4.33,6.67
1,-6.75,3.33,4.42,1.00,4.33,3.17,2.00,3.08,4.17,3.00,4.08,5.17,4.00,5.08,1.67,2.75,1.58,2.67,3.75,2.58,3.67,4.75,3.58,2.42,5.75,2.33,3.42
3,-13.50,7.00,7.25,7.50,1.00,8.00,1.50,8.50,2.00,9.00,2.50,9.50,3.00,10.00,3.50,10.50,4.00,11.00,4.50,11.50,5.00,12.00,5.50,12.50,6.00,6.25,6.50
4,-13.50,5.00,10.00,1.50,6.50,11.50,3.00,8.00,6.25,4.50,9.50,1.00,6.00,11.00,2.50,7.50,12.50,4.00,9.00,7.25,5.50,10.50,2.00,7.00,12.00,3.50,8.50
2,-9.00,7.00,5.00,3.00,4.00,8.00,6.00,4.00,2.00,3.00,7.00,5.00,3.00,1.00,8.00,6.00,4.00,2.00,6.00,7.00,5.00,3.00,1.00,5.00,6.00,4.00,2.00
1,-9.00,5.00,6.00,6.00,4.00,3.00,3.00,8.00,4.00,6.00,5.00,3.00,6.00,2.00,7.00,3.00,6.00,4.00,3.00,5.00,1.00,6.00,6.00,5.00,3.00,3.00,4.00
1,-9.00,2.33,4.67,7.00,4.83,2.67,5.00,2.83,5.17,3.00,5.33,7.67,1.00,3.33,5.67,8.00,1.33,3.67,6.00,3.83,6.17,4.00,6.33,4.17,2.00,4.33,6.67
1,-5.40,2.93,4.07,3.40,2.73,2.07,1.40,4.33,1.87,3.00,2.33,1.67,1.00,2.13,3.27,4.40,3.73,3.07,2.40,3.53,1.07,4.00,3.33,2.67,2.00,1.33,2.47
1,-3.00,1.00,2.00,2.00,1.00,1.00,2.00,2.00,2.00,2.00,2.00,2.00,1.00,2.00,1.00,2.00,1.00,1.00,1.00,1.00,1.00,1.00,2.00,2.00,1.00,1.00,2.00
1,-9.00,1.00,2.00,3.00,4.00,5.00,6.00,7.00,6.50,6.00,5.50,2.00,3.00,4.00,5.00,6.00,7.00,3.50,3.00,2.50,2.00,3.00,4.00,5.00,6.00,7.00,8.00
1,-4.50,1.17,2.33,3.50,3.17,1.33,2.50,2.17,3.33,3.00,1.17,2.33,2.00,1.67,2.83,2.50,2.17,3.33,1.50,1.17,2.33,2.00,3.17,1.33,1.00,2.17,3.33
2,-9.00,7.67,6.33,5.00,3.67,2.33,1.00,4.17,2.83,6.00,4.67,3.33,2.00,5.17,3.83,7.00,5.67,4.33,3.00,6.17,4.83,8.00,6.67,5.33,4.00,2.67,1.33
1,-9.00,4.00,5.00,3.00,1.00,5.00,6.00,4.00,2.00,6.00,7.00,5.00,3.00,7.00,2.00,6.00,4.00,2.00,3.00,7.00,5.00,3.00,4.00,8.00,6.00,4.00,5.00
1,-5.40,1.00,2.00,3.00,4.00,1.40,2.40,1.60,2.60,3.60,2.80,3.80,1.20,2.20,3.20,4.20,1.60,2.60,1.80,2.80,3.80,3.00,4.00,1.40,2.40,3.40,4.40
1,-9.00,6.00,3.00,5.00,6.00,3.00,1.00,6.00,4.00,6.00,6.00,3.00,2.00,6.00,3.00,7.00,6.00,3.00,3.00,5.00,3.00,8.00,6.00,3.00,4.00,6.00,3.00
1,-9.00,1.00,2.00,3.00,4.00,5.00,6.00,7.00,3.50,4.50,5.50,2.00,3.00,4.00,5.00,6.00,7.00,3.50,4.50,5.50,2.00,3.00,4.00,5.00,6.00,7.00,8.00
1,-9.00,5.83,2.67,4.00,5.33,6.67,8.00,5.96,3.92,3.00,4.33,5.67,7.00,6.08,2.92,2.00,3.33,4.67,6.00,5.08,3.04,1.00,2.33,3.67,5.00,6.33,3.17
1,-10.80,3.80,7.60,6.00,9.80,8.20,6.60,5.00,8.80,7.20,5.60,4.00,7.80,6.20,4.60,3.00,6.80,5.20,3.60,2.00,5.80,4.20,2.60,1.00,4.80,3.20,7.00
3,-9.00,1.67,3.33,5.00,6.67,3.83,1.00,2.67,4.33,6.00,7.67,2.58,2.00,3.67,5.33,7.00,6.42,1.33,3.00,4.67,6.33,8.00,5.17,2.33,4.00,5.67,7.33
1,-10.80,4.90,9.80,6.60,8.80,5.60,7.80,4.60,6.80,3.60,5.80,8.00,4.80,7.00,3.80,6.00,2.80,5.00,7.20,4.00,6.20,3.00,5.20,2.00,4.20,1.00,5.90
1,-7.71,4.57,5.29,2.14,6.71,3.57,4.29,1.14,5.71,2.57,3.29,4.00,4.71,5.43,2.29,3.00,3.71,4.43,5.14,2.00,6.57,3.43,4.14,1.00,5.57,2.43,3.14
1,-4.15,1.23,1.42,1.62,2.85,2.00,1.15,2.38,2.58,2.77,2.96,3.15,1.27,1.46,2.69,2.88,1.00,1.19,1.38,1.58,1.77,3.00,2.15,1.31,2.54,2.73,2.92
1,-5.40,2.90,3.10,3.30,3.50,1.00,3.90,1.85,4.30,3.60,2.00,2.20,2.40,1.70,3.70,3.00,3.20,3.40,1.80,1.10,3.55,1.50,4.40,1.90,2.10,2.30,2.50
5,-13.50,9.50,5.50,1.50,11.00,7.00,3.00,12.50,8.50,4.50,7.25,10.00,6.00,2.00,11.50,7.50,3.50,6.25,9.00,5.00,1.00,10.50,6.50,2.50,12.00,8.00,4.00
1,-10.80,3.20,1.00,4.20,2.00,5.20,3.00,6.20,4.00,7.20,5.00,2.80,6.00,3.80,7.00,4.80,8.00,5.80,3.60,6.80,4.60,7.80,5.60,8.80,6.60,9.80,7.60
1,-3.00,2.00,2.00,1.00,2.00,2.00,2.00,1.00,2.00,1.00,2.00,2.00,1.00,1.00,2.00,2.00,1.00,1.00,2.00,1.00,2.00,1.00,1.00,1.00,2.00,1.00,1.00
1,-7.20,1.07,2.13,3.20,4.27,5.33,1.00,2.07,3.13,4.20,3.47,4.53,2.00,3.07,4.13,5.20,2.67,3.73,3.00,4.07,5.13,6.20,1.87,2.93,4.00,5.07,6.13
1,-5.40,1.00,2.00,3.00,1.30,2.30,3.30,1.60,2.60,3.60,1.90,2.90,1.20,2.20,3.20,4.20,2.50,3.50,1.80,2.80,3.80,2.10,3.10,4.10,2.40,3.40,4.40
1,-6.00,2.17,4.33,2.00,2.67,3.33,1.00,1.67,2.33,3.00,2.17,4.33,2.00,2.67,3.33,4.00,1.67,3.83,3.00,3.67,4.33,5.00,2.67,3.33,4.00,1.67,3.83
1,-6.00,5.00,4.00,4.50,3.50,4.00,3.00,2.00,4.00,3.00,2.00,4.00,3.00,2.00,4.00,3.00,2.00,4.00,3.00,2.00,4.00,3.00,2.00,2.50,1.50,2.00,1.00
1,-9.00,1.00,2.00,3.00,4.00,5.00,6.00,7.00,5.00,6.00,1.00,2.00,3.00,4.00,5.00,6.00,7.00,8.00,3.00,4.00,2.00,3.00,4.00,5.00,6.00,7.00,8.00
1,-4.02,1.23,1.89,2.84,2.64,1.00,1.66,2.89,1.26,1.34,2.00,1.51,1.02,2.26,1.77,3.00,2.51,2.02,2.68,2.77,1.13,2.36,3.02,1.38,1.18,2.13,2.79
1,-6.75,1.75,3.50,5.25,1.94,2.00,3.75,5.50,3.88,2.25,4.00,5.75,4.13,2.50,4.25,2.63,1.00,2.75,4.50,2.88,1.25,3.00,4.75,4.81,1.50,3.25,5.00
1,-5.40,3.40,3.20,1.20,1.00,4.40,2.40,2.20,2.00,1.80,3.40,3.20,3.00,1.00,4.40,2.40,2.20,2.00,3.60,3.40,3.20,3.00,1.00,4.40,4.20,2.20,2.00
1,-9.00,7.00,5.00,3.00,5.50,3.50,6.00,4.00,6.50,4.50,2.50,5.00,3.00,1.00,8.00,6.00,4.00,6.50,4.50,2.50,5.00,3.00,5.50,3.50,6.00,4.00,2.00
1,-9.00,2.00,4.00,6.00,3.50,1.00,3.00,5.00,2.50,4.50,2.00,4.00,6.00,3.50,5.50,3.00,5.00,7.00,4.50,6.50,4.00,6.00,8.00,5.50,3.00,5.00,7.00
1,-4.50,1.75,3.50,3.00,2.50,2.00,1.50,1.00,1.25,1.50,1.75,2.00,3.00,2.50,2.00,1.50,2.50,2.75,3.00,3.25,3.50,3.00,2.50,2.00,1.50,1.00,2.75
1,-6.75,4.42,4.33,2.00,1.92,4.08,4.00,3.92,3.83,3.75,1.42,1.33,5.75,3.42,3.33,1.00,5.42,5.33,3.00,2.92,2.83,2.75,2.67,4.83,4.75,2.42,2.33
1,-5.40,2.67,3.53,4.40,1.67,2.53,3.40,4.27,3.33,2.40,3.27,4.13,3.20,2.27,3.13,2.20,1.27,2.13,3.00,2.07,1.13,2.00,2.87,3.73,1.00,1.87,2.73
1,-9.00,1.00,2.00,3.00,4.00,5.00,6.00,7.00,3.50,4.50,1.00,2.00,3.00,4.00,5.00,6.00,7.00,8.00,4.50,5.50,2.00,3.00,4.00,5.00,6.00,7.00,8.00
1,-4.66,2.76,3.66,1.76,2.66,1.69,1.66,1.62,1.59,1.55,3.38,1.48,3.31,1.41,3.24,1.34,3.17,1.28,3.10,3.07,3.03,3.00,2.97,2.00,2.90,1.00,1.90
1,-5.40,1.40,2.80,4.20,2.36,3.76,3.00,4.40,3.64,1.80,3.20,3.52,2.76,2.00,3.40,2.64,1.88,2.20,3.60,1.76,1.00,2.40,1.64,3.04,1.20,2.60,4.00
27,-27.00,20.00,13.00,6.00,26.00,19.00,12.00,5.00,25.00,18.00,11.00,4.00,24.00,17.00,10.00,3.00,23.00,16.00,9.00,2.00,22.00,15.00,8.00,1.00,21.00,14.00,7.00
1,-5.40,3.40,4.10,2.10,2.80,3.50,1.50,2.20,2.90,3.60,1.60,2.30,1.65,1.00,4.40,3.75,3.10,3.80,1.80,2.50,3.20,3.90,1.90,2.60,3.30,1.30,2.00
1,-13.50,6.50,6.25,6.00,12.50,5.50,5.25,5.00,11.50,4.50,4.25,4.00,10.50,10.25,3.25,3.00,9.50,9.25,9.00,2.00,8.50,8.25,8.00,1.00,7.50,7.25,7.00
1,-9.00,3.83,7.67,7.00,6.33,5.67,5.00,4.33,3.67,3.00,2.33,1.67,1.00,2.58,6.42,8.00,7.33,6.67,6.00,5.33,4.67,4.00,3.33,2.67,2.00,1.33,5.17
1,-4.50,2.75,3.25,1.50,2.00,1.00,3.00,1.25,2.50,1.50,2.00,1.75,1.50,2.00,2.50,3.00,2.75,2.50,3.00,2.00,3.25,1.50,3.50,2.50,3.00,1.25,1.75
1,-9.00,5.50,2.00,3.00,4.00,5.00,6.00,7.00,3.50,4.50,1.00,2.00,3.00,4.00,5.00,6.00,7.00,8.00,4.50,5.50,2.00,3.00,4.00,5.00,6.00,7.00,3.50
1,-5.40,1.60,3.20,2.10,1.00,2.60,1.50,3.10,2.00,3.60,2.50,1.40,3.00,1.90,3.50,2.40,4.00,2.90,1.80,3.40,2.30,3.90,2.80,4.40,3.30,2.20,3.80
2,-3.00,1.00,1.00,2.00,1.00,1.00,2.00,2.00,2.00,2.00,2.00,2.00,1.00,2.00,1.00,2.00,1.00,1.00,1.00,1.00,1.00,1.00,2.00,2.00,1.00,2.00,2.00
1,-6.17,4.57,2.97,1.37,5.17,4.34,2.74,1.14,4.17,4.11,2.51,4.00,3.17,3.89,2.29,3.00,2.17,3.66,2.06,2.00,5.03,3.43,1.83,1.00,4.80,3.20,1.60
1,-9.00,3.50,2.50,6.00,5.00,4.00,7.50,2.00,5.50,4.50,8.00,2.50,6.00,5.00,4.00,3.00,6.50,1.00,4.50,3.50,7.00,1.50,5.00,4.00,3.00,6.50,5.50
1,-9.00,3.00,6.00,7.00,4.00,6.00,5.00,3.00,6.00,3.00,4.00,6.00,1.00,3.00,6.00,8.00,3.00,5.00,6.00,3.00,6.00,4.00,3.00,5.00,2.00,3.00,6.00
1,-6.75,3.50,1.38,3.75,2.75,4.00,4.13,4.25,1.00,4.50,1.25,4.75,1.50,5.00,1.75,5.25,2.00,5.50,2.25,5.75,2.50,2.63,2.75,4.00,3.00,5.38,3.25
1,-5.40,4.00,2.60,1.20,1.60,2.00,2.40,1.00,1.40,3.60,2.20,2.60,3.00,3.40,2.00,2.40,2.80,3.20,1.80,4.00,4.40,3.00,3.40,3.80,4.20,2.80,1.40
1,-4.82,3.25,1.68,2.04,2.39,2.75,3.11,1.54,3.82,3.21,1.64,1.04,1.39,1.75,3.07,3.43,3.79,3.18,1.61,1.00,3.29,1.71,2.07,2.43,2.79,3.14,1.57
1,-3.00,1.00,1.00,2.00,2.00,2.00,1.00,2.00,1.00,2.00,1.00,2.00,1.00,1.00,2.00,2.00,1.00,2.00,1.00,2.00,1.00,2.00,1.00,1.00,1.00,2.00,2.00
1,-9.00,3.67,5.08,2.00,5.67,4.83,4.00,3.17,6.83,6.00,2.92,4.33,8.00,2.67,6.33,1.00,4.67,6.08,3.00,2.17,5.83,5.00,4.17,3.33,7.00,3.92,5.33
2,-9.00,3.67,7.33,2.00,5.67,2.58,4.00,7.67,2.33,6.00,5.17,4.33,8.00,2.67,6.33,1.00,4.67,3.83,3.00,6.67,1.33,5.00,6.42,3.33,7.00,1.67,5.33
1,-6.00,2.00,4.00,3.00,2.00,1.00,3.00,5.00,4.00,3.00,2.00,2.50,3.00,2.00,4.00,3.00,3.50,4.00,3.00,2.00,1.00,3.00,5.00,4.00,3.00,2.00,4.00
1,-4.50,2.50,3.13,1.50,1.75,2.00,3.00,2.50,3.50,3.00,2.13,2.00,3.00,1.00,3.50,1.50,2.50,2.38,1.50,1.00,2.00,1.50,2.50,2.75,3.00,1.38,2.00
1,-5.40,4.40,3.40,2.40,1.40,4.00,3.00,3.80,2.80,1.80,2.60,3.40,4.20,3.20,2.20,1.20,2.00,2.80,3.60,2.60,1.60,2.40,1.40,4.00,3.00,2.00,1.00
4,-13.50,8.00,2.50,10.50,5.00,6.25,7.50,2.00,10.00,4.50,12.50,7.00,1.50,9.50,4.00,12.00,6.50,1.00,9.00,3.50,11.50,6.00,7.25,8.50,3.00,11.00,5.50
1,-9.00,6.33,3.67,1.00,7.33,4.67,2.00,2.33,5.67,3.00,3.33,6.67,4.00,4.33,4.67,5.00,2.33,5.67,6.00,3.33,6.67,7.00,4.33,1.67,8.00,5.33,2.67
1,-9.00,5.00,7.00,6.00,5.00,4.00,3.00,2.00,1.00,6.00,3.50,7.00,6.00,5.00,4.00,3.00,2.00,5.50,3.00,8.00,7.00,6.00,5.00,4.00,3.00,2.00,4.00
1,-13.50,9.50,5.50,8.25,4.25,7.00,3.00,12.50,8.50,4.50,7.25,3.25,6.00,2.00,11.50,7.50,10.25,6.25,9.00,5.00,1.00,10.50,6.50,9.25,5.25,8.00,4.00
1,-3.00,2.00,1.00,1.00,2.00,1.00,1.00,1.00,2.00,1.00,2.00,2.00,2.00,2.00,1.00,1.00,1.00,1.00,2.00,1.00,2.00,2.00,2.00,1.00,2.00,2.00,1.00
1,-9.00,5.00,3.25,3.75,6.50,7.00,3.00,8.00,4.00,4.50,5.00,5.50,6.00,2.00,7.00,3.00,3.50,4.00,4.50,5.00,1.00,6.00,2.00,2.50,5.25,5.75,4.00
1,-5.40,2.00,1.98,3.30,3.95,3.25,1.20,3.20,3.18,1.80,1.10,3.10,2.40,4.40,1.00,3.00,2.30,4.30,3.60,2.23,2.20,4.20,2.15,1.45,2.10,3.43,3.40
1,-4.66,2.14,1.48,1.76,2.97,1.38,3.52,1.00,1.28,1.55,2.76,3.03,2.38,2.66,2.00,2.28,1.62,1.90,3.10,3.38,3.66,1.14,3.28,1.69,2.90,3.17,2.52
1,-9.00,2.83,5.67,4.00,2.33,5.17,8.00,6.33,4.67,3.00,1.33,4.17,7.00,5.33,3.67,2.00,4.83,7.67,6.00,4.33,2.67,1.00,3.83,6.67,5.00,3.33,6.17
1,-7.71,1.00,2.00,3.00,4.00,1.14,2.14,3.14,4.14,5.14,2.29,3.29,4.29,5.29,2.43,3.43,4.43,5.43,2.57,3.57,4.57,5.57,6.57,3.71,4.71,5.71,6.71
1,-6.75,3.83,2.42,4.75,2.58,1.92,2.75,4.33,5.17,3.00,3.83,3.17,1.00,4.83,1.92,5.75,3.58,2.92,3.75,1.58,2.42,4.00,4.83,4.17,2.00,4.33,2.92
2,-9.00,5.67,6.83,8.00,4.67,5.83,7.00,3.67,4.83,6.00,2.67,3.83,5.00,1.67,7.33,4.00,5.17,6.33,3.00,4.17,5.33,2.00,3.17,4.33,1.00,2.17,3.33
1,-5.62,2.37,2.50,3.75,2.75,2.87,1.87,2.00,2.12,3.75,4.62,1.37,3.75,3.87,1.75,1.87,4.25,1.00,1.87,3.50,3.62,3.75,2.75,2.87,1.87,3.12,3.25
1,-9.00,5.00,5.50,6.00,2.00,7.00,3.00,8.00,4.00,4.50,5.00,1.00,6.00,2.00,7.00,3.00,8.00,4.00,4.50,5.00,1.00,6.00,2.00,7.00,3.00,3.50,4.00
1,-9.00,2.58,5.17,1.00,1.33,1.67,2.00,2.33,2.67,3.00,3.33,3.67,4.00,4.33,4.67,5.00,5.33,5.67,6.00,6.33,6.67,7.00,7.33,7.67,8.00,3.83,6.42
1,-6.75,1.25,2.50,3.75,5.00,3.55,4.80,2.00,3.25,4.50,5.75,1.60,2.85,2.75,4.00,3.90,5.15,1.00,2.25,3.50,4.75,1.95,3.20,1.75,3.00,4.25,5.50
1,-9.00,6.21,3.42,4.00,6.83,5.17,8.00,6.33,4.67,3.00,5.83,4.17,7.00,5.33,3.67,2.00,4.83,3.17,6.00,4.33,2.67,1.00,3.83,2.17,5.00,5.58,2.79
1,-6.75,3.63,3.88,4.13,1.00,1.25,4.88,1.75,2.00,2.25,2.50,2.75,3.00,3.25,3.50,3.75,4.00,4.25,4.50,4.75,5.00,1.88,5.50,5.75,2.63,2.88,3.13
1,-5.40,2.33,2.87,3.40,3.93,2.67,1.40,1.93,2.47,3.00,1.73,4.07,1.00,1.53,3.87,4.40,1.33,3.67,2.40,2.93,3.47,4.00,2.73,1.47,2.00,2.53,3.07
1,-4.50,3.08,1.67,3.25,3.33,1.92,2.75,2.46,2.17,1.50,1.58,1.29,1.00,2.96,1.54,3.50,3.21,2.92,3.00,2.33,2.04,1.75,2.58,1.17,1.25,2.83,1.42
1,-10.80,7.00,3.20,4.80,1.00,8.00,4.20,5.80,2.00,3.60,5.20,6.80,3.00,4.60,6.20,7.80,4.00,5.60,7.20,8.80,5.00,6.60,2.80,9.80,6.00,7.60,3.80
1,-5.62,2.31,4.62,1.87,3.62,3.12,3.75,2.12,2.75,2.25,1.75,1.25,1.87,2.50,3.12,3.75,4.37,3.87,3.37,2.87,3.50,1.87,2.50,2.00,3.75,1.00,3.31
13,-27.00,17.00,7.00,24.00,14.00,4.00,21.00,11.00,1.00,18.00,8.00,25.00,15.00,5.00,22.00,12.00,2.00,19.00,9.00,26.00,16.00,6.00,23.00,13.00,3.00,20.00,10.00
1,-5.40,2.37,3.20,4.03,1.00,3.37,4.20,2.71,2.00,3.60,1.34,2.94,3.00,3.83,1.57,2.40,2.46,4.06,1.80,3.40,2.69,1.20,2.03,4.40,1.37,2.20,3.03
1,-6.00,4.00,5.00,3.00,4.00,5.00,3.00,4.00,2.00,3.00,4.00,2.00,3.00,1.00,5.00,3.00,4.00,2.00,3.00,4.00,2.00,3.00,1.00,2.00,3.00,1.00,2.00
1,-3.00,2.00,2.00,1.00,1.00,2.00,1.00,1.00,1.00,1.00,1.00,1.00,2.00,2.00,1.00,1.00,2.00,2.00,2.00,2.00,2.00,2.00,1.00,2.00,2.00,1.00,1.00
1,-5.40,1.00,2.00,3.00,4.00,3.20,2.40,3.40,2.60,3.60,1.00,2.00,1.20,2.20,3.20,4.20,3.40,4.40,1.80,2.80,2.00,3.00,2.20,1.40,2.40,3.40,4.40
4,-9.00,5.00,1.00,6.00,2.00,7.00,3.00,8.00,4.00,6.00,5.00,1.00,6.00,2.00,7.00,3.00,8.00,4.00,3.00,5.00,1.00,6.00,2.00,7.00,3.00,8.00,4.00
1,-9.00,7.00,5.00,3.00,1.00,5.75,6.00,4.00,2.00,4.50,2.50,5.00,3.00,5.50,3.50,6.00,4.00,6.50,4.50,7.00,5.00,3.00,3.25,8.00,6.00,4.00,2.00
5,-13.50,2.50,5.00,7.50,10.00,12.50,8.25,4.00,6.50,9.00,11.50,7.25,3.00,5.50,8.00,10.50,6.25,2.00,4.50,7.00,9.50,5.25,1.00,3.50,6.00,8.50,11.00
1,-9.00,6.50,4.00,3.75,8.00,5.50,7.50,5.00,7.00,4.50,6.50,4.00,6.00,3.50,5.50,3.00,5.00,2.50,4.50,2.00,4.00,1.50,3.50,1.00,5.25,5.00,2.50
1,-9.00,6.67,4.33,2.00,5.67,3.33,4.00,4.67,2.33,6.00,6.67,4.33,8.00,5.67,3.33,1.00,4.67,2.33,3.00,6.67,4.33,5.00,5.67,3.33,7.00,4.67,2.33
1,-4.76,3.41,2.06,2.29,2.53,2.76,3.00,1.65,3.47,2.12,1.56,1.00,1.24,3.06,1.71,3.53,3.76,3.21,2.65,1.29,3.12,1.76,2.00,2.24,2.47,2.71,1.35
1,-6.75,4.00,1.25,5.25,2.50,3.13,3.75,1.00,5.00,2.25,2.88,3.50,4.13,4.75,2.00,2.63,3.25,3.88,4.50,1.75,5.75,3.00,3.63,4.25,1.50,5.50,2.75
1,-9.00,4.00,2.00,3.00,4.00,5.00,6.00,7.00,6.50,6.00,1.00,5.00,3.00,4.00,5.00,6.00,4.00,8.00,3.00,2.50,2.00,3.00,4.00,5.00,6.00,7.00,5.00
1,-9.00,7.00,5.00,3.00,1.00,8.00,6.00,4.00,2.00,3.00,7.00,5.00,3.00,4.00,5.00,6.00,4.00,2.00,6.00,7.00,5.00,3.00,1.00,8.00,6.00,4.00,2.00
1,-9.00,3.33,6.67,4.00,4.33,4.67,8.00,2.33,5.67,3.00,3.33,6.67,7.00,4.33,4.67,2.00,2.33,5.67,6.00,3.33,6.67,1.00,4.33,4.67,5.00,2.33,5.67
1,-9.00,4.00,3.50,3.00,2.50,2.00,6.00,1.00,5.00,4.50,4.00,3.50,3.00,7.00,2.00,6.00,5.50,5.00,4.50,4.00,8.00,3.00,7.00,6.50,6.00,5.50,5.00
1,-6.75,1.25,2.50,3.75,5.00,2.88,2.44,2.00,3.25,4.50,5.75,5.31,1.50,2.75,4.00,5.25,1.44,1.00,2.25,3.50,4.75,4.31,3.88,1.75,3.00,4.25,5.50
1,-4.15,1.00,2.00,3.00,2.96,2.92,1.85,2.85,2.81,2.77,1.69,2.69,1.62,1.58,2.58,2.54,1.46,2.46,1.38,1.35,1.31,2.31,1.23,1.19,1.15,2.15,3.15
1,-10.80,5.20,5.00,4.80,4.60,9.80,4.20,4.00,3.80,3.60,8.80,3.20,3.00,8.20,2.60,7.80,7.60,2.00,7.20,7.00,6.80,6.60,1.00,6.20,6.00,5.80,5.60
1,-9.00,2.00,4.00,6.00,8.00,5.50,3.00,5.00,7.00,4.50,2.00,4.00,6.00,3.50,5.50,3.00,5.00,7.00,4.50,2.00,4.00,6.00,3.50,1.00,3.00,5.00,7.00
2,-13.50,12.50,11.50,10.50,9.50,8.50,7.50,6.50,5.50,4.50,3.50,2.50,1.50,7.25,6.25,12.00,11.00,10.00,9.00,8.00,7.00,6.00,5.00,4.00,3.00,2.00,1.00
4,-13.50,6.50,6.25,6.00,12.50,5.50,5.25,5.00,11.50,4.50,11.00,4.00,10.50,3.50,10.00,3.00,9.50,2.50,9.00,2.00,8.50,8.25,8.00,1.00,7.50,7.25,7.00
1,-5.40,2.65,3.95,2.55,3.85,1.10,3.75,1.00,2.98,3.60,2.20,2.15,2.10,4.08,1.32,3.30,3.25,3.20,1.80,2.43,4.40,1.65,4.30,1.55,2.85,1.45,2.75
1,-4.50,2.50,2.00,3.00,1.00,2.00,1.50,2.50,2.00,1.50,2.50,3.50,3.00,1.00,3.50,1.50,1.00,2.00,3.00,2.50,2.00,3.00,2.50,3.50,1.50,2.50,2.00
1,-3.00,2.00,2.00,2.00,1.00,1.00,2.00,2.00,2.00,1.00,2.00,1.00,1.00,2.00,1.00,2.00,2.00,1.00,2.00,1.00,1.00,1.00,2.00,2.00,1.00,1.00,1.00
20,-27.00,14.00,1.00,15.00,2.00,16.00,3.00,17.00,4.00,18.00,5.00,19.00,6.00,20.00,7.00,21.00,8.00,22.00,9.00,23.00,10.00,24.00,11.00,25.00,12.00,26.00,13.00
1,-9.00,5.17,1.33,2.00,2.67,3.33,4.00,4.67,5.33,6.00,6.67,7.33,8.00,4.17,4.83,1.00,1.67,2.33,3.00,3.67,4.33,5.00,5.67,6.33,7.00,7.67,3.83
1,-4.50,2.00,1.75,1.50,3.50,3.25,3.00,2.75,2.50,2.25,2.00,1.75,1.50,3.50,1.00,3.00,2.75,2.50,2.25,2.00,1.75,1.50,1.25,1.00,3.00,2.75,2.50
1,-9.00,4.67,6.33,5.00,3.67,5.33,1.00,5.67,5.83,6.00,4.67,6.33,2.00,6.67,2.33,7.00,2.67,4.33,3.00,3.17,3.33,8.00,3.67,5.33,4.00,2.67,4.33
1,-6.75,2.31,4.63,1.88,2.50,3.13,3.75,1.00,1.63,2.25,2.88,3.50,4.13,4.75,2.00,2.63,3.25,3.88,4.50,5.13,5.75,3.00,3.63,4.25,4.88,2.13,4.44
1,-9.00,5.67,2.33,8.00,4.67,1.33,7.00,3.67,4.83,6.00,2.67,3.83,5.00,6.17,2.83,4.00,5.17,6.33,3.00,4.17,5.33,2.00,7.67,4.33,1.00,6.67,3.33
1,-13.50,8.50,3.50,5.25,7.00,2.00,10.50,5.50,7.25,9.00,4.00,12.50,7.50,9.25,4.25,6.00,1.00,9.50,4.50,6.25,8.00,3.00,11.50,6.50,8.25,10.00,5.00
1,-9.00,6.17,3.33,5.00,6.67,3.83,1.00,2.67,4.33,6.00,7.67,4.83,2.00,3.67,5.33,7.00,4.17,1.33,3.00,4.67,6.33,8.00,5.17,2.33,4.00,5.67,2.83
1,-5.40,4.40,3.40,2.40,1.40,3.10,2.10,3.80,2.80,3.15,2.15,1.15,4.20,3.20,2.20,1.20,4.25,3.25,2.25,2.60,1.60,3.30,2.30,4.00,3.00,2.00,1.00
1,-13.50,9.25,5.00,7.50,10.00,12.50,8.25,4.00,6.50,9.00,11.50,7.25,3.00,5.50,8.00,10.50,6.25,2.00,4.50,7.00,9.50,5.25,1.00,3.50,6.00,8.50,4.25
12,-27.00,7.00,14.00,21.00,1.00,8.00,15.00,22.00,2.00,9.00,16.00,23.00,3.00,10.00,17.00,24.00,4.00,11.00,18.00,25.00,5.00,12.00,19.00,26.00,6.00,13.00,20.00
2,-3.00,2.00,2.00,2.00,1.00,2.00,1.00,2.00,2.00,1.00,1.00,2.00,2.00,2.00,1.00,1.00,1.00,2.00,2.00,1.00,1.00,2.00,1.00,2.00,1.00,1.00,1.00
4,-13.50,5.50,11.00,3.00,8.50,7.25,6.00,11.50,3.50,9.00,1.00,6.50,12.00,4.00,9.50,1.50,7.00,12.50,4.50,10.00,2.00,7.50,6.25,5.00,10.50,2.50,8.00
1,-10.80,6.20,7.00,7.80,3.20,4.00,4.80,5.60,1.00,7.20,8.00,8.80,4.20,5.00,5.80,6.60,2.00,2.80,3.60,9.80,5.20,6.00,6.80,7.60,3.00,3.80,4.60
1,-5.40,3.76,2.12,1.56,1.00,3.68,3.12,1.48,2.00,3.60,1.96,2.48,1.92,3.52,1.88,3.48,2.92,3.44,1.80,3.40,3.92,2.28,1.72,4.40,3.84,3.28,1.64
1,-9.00,6.33,3.67,1.00,5.83,3.17,2.00,5.33,2.67,3.00,6.33,3.67,4.00,4.33,4.67,5.00,5.33,2.67,6.00,6.33,3.67,7.00,5.83,3.17,8.00,5.33,2.67
2,-13.50,7.25,1.00,8.25,2.00,2.50,3.00,3.50,4.00,4.50,5.00,5.50,6.00,6.50,7.00,7.50,8.00,8.50,9.00,9.50,10.00,10.50,11.00,11.50,5.25,12.50,6.25
1,-9.00,5.33,4.67,7.00,6.33,5.67,5.00,4.33,3.67,3.00,2.33,1.67,1.00,6.33,2.67,8.00,7.33,6.67,6.00,5.33,4.67,4.00,3.33,2.67,2.00,4.33,3.67
1,-9.00,6.33,3.67,1.00,2.83,4.67,2.00,3.83,5.67,3.00,4.83,6.67,4.00,1.33,7.67,5.00,2.33,4.17,6.00,3.33,5.17,7.00,4.33,6.17,8.00,5.33,2.67
1,-9.00,4.00,5.00,3.00,7.00,2.00,6.00,1.00,5.00,3.00,4.00,8.00,3.00,7.00,2.00,6.00,1.00,5.00,6.00,4.00,8.00,3.00,7.00,2.00,6.00,4.00,5.00
1,-5.40,2.80,2.00,3.00,2.20,1.40,2.40,1.60,4.40,3.60,2.80,2.00,1.20,4.00,1.40,4.20,3.40,2.60,1.80,1.00,3.80,3.00,4.00,3.20,2.40,3.40,2.60
3,-13.50,1.00,2.00,3.00,4.00,5.00,6.00,7.00,8.00,9.00,3.25,4.25,5.25,6.25,7.25,8.25,9.25,10.25,4.50,5.50,6.50,7.50,8.50,9.50,10.50,11.50,12.50
1,-7.71,5.29,6.71,4.29,5.71,3.29,4.71,2.29,3.71,5.14,6.57,4.14,5.57,3.14,4.57,2.14,3.57,1.14,2.57,4.00,5.43,3.00,4.43,2.00,3.43,1.00,2.43
1,-9.00,3.67,5.83,2.00,2.67,6.33,4.00,3.17,5.33,6.00,3.67,5.83,8.00,2.67,6.33,1.00,3.17,5.33,3.00,3.67,5.83,5.00,2.67,6.33,7.00,3.17,5.33
10,-9.00,8.00,7.00,6.00,5.00,4.00,3.00,2.00,1.00,6.00,8.00,7.00,6.00,5.00,4.00,3.00,2.00,1.00,3.00,8.00,7.00,6.00,5.00,4.00,3.00,2.00,1.00
1,-6.00,3.33,3.67,1.00,4.33,1.67,2.00,2.33,2.67,3.00,3.33,3.67,4.00,4.33,1.67,2.00,2.33,2.67,3.00,3.33,3.67,4.00,4.33,1.67,5.00,2.33,2.67
1,-9.00,7.00,5.00,3.00,7.00,5.00,6.00,4.00,5.00,3.00,7.00,5.00,3.00,1.00,8.00,6.00,4.00,2.00,6.00,4.00,5.00,3.00,4.00,2.00,6.00,4.00,2.00
1,-13.50,5.00,10.00,8.25,6.50,11.50,3.00,8.00,6.25,4.50,9.50,1.00,6.00,11.00,2.50,7.50,12.50,4.00,9.00,7.25,5.50,10.50,2.00,7.00,5.25,3.50,8.50
1,-9.00,4.00,3.50,7.50,2.50,6.50,6.00,1.00,5.00,4.50,4.00,3.50,5.25,7.00,2.00,3.75,5.50,5.00,4.50,4.00,8.00,3.00,2.50,6.50,1.50,5.50,5.00
1,-9.00,3.33,6.67,1.00,4.33,4.67,2.00,2.33,5.67,3.00,3.33,6.67,4.00,4.33,4.67,5.00,2.33,5.67,6.00,3.33,6.67,7.00,4.33,4.67,8.00,2.33,5.67
1,-6.75,3.50,1.94,3.75,3.88,4.00,4.13,4.25,1.00,4.50,1.25,4.75,1.50,5.00,1.75,5.25,2.00,5.50,2.25,5.75,2.50,2.63,2.75,2.88,3.00,4.81,3.25
7,-9.00,7.00,5.00,3.00,1.00,8.00,6.00,4.00,2.00,6.00,7.00,5.00,3.00,1.00,8.00,6.00,4.00,2.00,3.00,7.00,5.00,3.00,1.00,8.00,6.00,4.00,2.00
3,-9.00,5.50,6.50,3.00,4.00,5.00,6.00,7.00,3.50,4.50,1.00,2.00,7.50,4.00,5.00,1.50,7.00,8.00,4.50,5.50,2.00,3.00,4.00,5.00,6.00,2.50,3.50
1,-6.17,4.17,2.17,4.80,4.34,3.89,3.43,2.97,2.51,2.06,1.60,1.14,3.00,1.00,5.17,3.17,5.03,4.57,4.11,3.66,3.20,2.74,2.29,1.83,1.37,4.00,2.00
1,-7.71,4.57,5.29,6.00,6.71,3.57,4.29,5.00,5.71,2.57,3.29,4.00,4.71,5.43,2.29,3.00,3.71,4.43,5.14,2.00,2.71,3.43,4.14,1.00,1.71,2.43,3.14
7,-13.50,11.50,9.50,7.50,5.50,3.50,1.50,6.25,11.00,9.00,7.00,5.00,3.00,1.00,12.50,10.50,8.50,6.50,4.50,2.50,7.25,12.00,10.00,8.00,6.00,4.00,2.00
1,-4.91,1.73,1.00,2.73,2.00,3.73,1.77,3.50,1.55,3.27,2.55,3.05,3.55,1.59,3.32,1.36,1.86,2.36,1.64,3.36,1.41,3.14,1.18,2.91,2.18,3.91,3.18
1,-9.00,4.67,3.33,5.00,6.67,2.33,1.00,5.67,4.33,6.00,4.67,3.33,2.00,6.67,2.33,7.00,5.67,4.33,3.00,4.67,3.33,8.00,6.67,2.33,4.00,5.67,4.33
1,-9.00,3.27,6.53,8.00,4.07,7.33,7.00,4.87,6.33,6.00,5.67,5.33,5.00,4.67,4.33,4.00,3.67,3.33,3.00,2.67,4.13,2.00,1.67,4.93,1.00,2.47,5.73
1,-6.75,4.00,4.63,3.56,2.50,1.44,3.75,1.00,5.00,2.25,2.88,3.50,2.44,4.75,2.00,4.31,3.25,3.88,4.50,1.75,5.75,3.00,5.31,4.25,3.19,2.13,2.75
1,-9.00,4.33,4.17,4.00,3.83,3.67,8.00,3.33,3.17,3.00,2.83,2.67,7.00,6.83,2.17,2.00,6.33,6.17,6.00,5.83,5.67,1.00,5.33,5.17,5.00,4.83,4.67
1,-9.00,5.00,1.00,6.00,2.00,7.00,3.00,8.00,4.00,3.00,5.00,4.00,6.00,2.00,7.00,3.00,5.00,4.00,6.00,5.00,1.00,6.00,2.00,7.00,3.00,8.00,4.00
1,-6.35,4.00,1.65,2.47,1.71,4.12,3.35,1.00,3.41,2.65,3.47,2.71,5.12,4.35,2.00,1.24,3.65,2.88,3.71,2.94,5.35,3.00,2.24,4.65,3.88,4.71,2.35
1,-6.75,1.75,3.50,1.88,3.63,2.00,3.75,2.13,3.88,2.25,4.00,5.75,4.13,2.50,4.25,2.63,1.00,2.75,4.50,2.88,4.63,3.00,4.75,3.13,4.88,3.25,5.00
4,-9.00,6.67,4.33,2.00,2.67,6.33,4.00,1.67,5.33,6.00,3.67,1.33,8.00,5.67,3.33,1.00,7.67,5.33,3.00,3.67,7.33,5.00,2.67,6.33,7.00,4.67,2.33
2,-9.00,5.33,1.67,7.00,3.33,6.42,5.00,1.33,6.67,3.00,3.83,4.67,1.00,6.33,2.67,8.00,4.33,5.17,6.00,2.33,7.67,4.00,2.58,5.67,2.00,7.33,3.67
1,-4.15,1.46,1.88,1.27,2.73,3.15,1.50,2.96,1.31,2.77,2.15,2.58,3.00,2.38,1.77,1.15,1.58,2.00,1.38,2.85,1.19,2.65,1.00,1.42,2.88,2.27,2.69
1,-9.00,4.33,2.67,4.00,5.33,3.67,8.00,6.33,4.67,3.00,5.83,2.67,7.00,5.33,3.67,2.00,6.33,3.17,6.00,4.33,2.67,1.00,5.33,3.67,5.00,6.33,4.67
1,-9.00,5.00,7.00,6.00,5.00,4.00,3.00,2.00,1.00,3.00,8.00,7.00,6.00,5.00,4.00,3.00,2.00,1.00,6.00,8.00,7.00,6.00,5.00,4.00,3.00,2.00,4.00
3,-9.00,7.00,5.00,3.00,5.50,3.50,1.50,4.00,6.50,4.50,7.00,5.00,3.00,1.00,8.00,6.00,4.00,2.00,4.50,2.50,5.00,7.50,5.50,3.50,6.00,4.00,2.00
4,-9.00,5.33,1.67,7.00,3.33,4.17,5.00,1.33,6.67,3.00,3.83,4.67,1.00,6.33,2.67,8.00,4.33,5.17,6.00,2.33,7.67,4.00,4.83,5.67,2.00,7.33,3.67
1,-9.00,4.67,6.33,5.00,3.67,2.33,1.00,5.67,7.33,6.00,4.67,3.33,2.00,6.67,2.33,7.00,5.67,4.33,3.00,1.67,3.33,8.00,6.67,5.33,4.00,2.67,4.33
1,-9.00,2.81,5.62,2.00,4.17,6.33,4.00,2.95,5.76,6.00,3.67,5.83,8.00,3.10,5.90,1.00,3.17,5.33,3.00,3.24,6.05,5.00,2.67,4.83,7.00,3.38,6.19
1,-9.00,2.00,4.00,6.00,8.00,2.50,3.00,5.00,7.00,3.00,5.00,4.00,6.00,3.50,5.50,3.00,5.00,4.00,6.00,2.00,4.00,6.00,6.50,1.00,3.00,5.00,7.00
1,-13.50,7.00,7.25,7.50,1.00,8.00,8.25,8.50,2.00,9.00,9.25,9.50,3.00,3.25,10.25,10.50,4.00,4.25,4.50,11.50,5.00,5.25,5.50,12.50,6.00,6.25,6.50
1,-6.75,5.75,4.75,3.75,2.75,1.75,4.13,4.81,5.50,4.50,3.50,2.50,1.50,3.88,2.88,5.25,4.25,3.25,2.25,1.25,1.94,2.63,5.00,4.00,3.00,2.00,1.00
1,-9.00,7.00,5.00,3.00,1.00,8.00,6.00,4.00,2.00,6.00,7.00,5.00,3.00,4.00,5.00,6.00,4.00,2.00,3.00,7.00,5.00,3.00,1.00,8.00,6.00,4.00,2.00
1,-3.00,1.00,1.00,2.00,2.00,2.00,2.00,2.00,2.00,2.00,1.00,2.00,1.00,2.00,1.00,2.00,1.00,2.00,1.00,1.00,1.00,1.00,1.00,1.00,1.00,2.00,2.00
3,-6.75,1.25,2.50,3.75,1.63,2.88,4.13,2.00,3.25,4.50,5.75,3.63,1.50,2.75,4.00,5.25,3.13,1.00,2.25,3.50,4.75,2.63,3.88,5.13,3.00,4.25,5.50
1,-5.40,4.40,3.40,2.40,1.40,2.20,2.10,3.80,2.80,2.70,3.50,4.30,4.20,3.20,2.20,1.20,1.10,1.90,2.70,2.60,1.60,3.30,3.20,4.00,3.00,2.00,1.00
2,-9.00,2.00,4.00,6.00,5.00,1.00,3.00,5.00,7.00,3.00,2.00,4.00,6.00,8.00,1.00,3.00,5.00,7.00,6.00,2.00,4.00,6.00,8.00,4.00,3.00,5.00,7.00
1,-6.75,4.17,1.58,5.75,3.17,2.83,4.75,2.17,1.83,3.75,2.29,3.08,2.75,4.67,2.08,4.00,3.67,4.46,3.00,4.92,4.58,2.00,3.92,3.58,1.00,5.17,2.58
1,-5.40,3.85,2.30,2.10,1.90,4.40,4.20,4.00,3.80,3.60,3.40,3.20,3.00,2.80,2.60,2.40,2.20,2.00,1.80,1.60,1.40,1.20,1.00,3.50,3.30,3.10,1.55
1,-5.40,1.10,2.20,3.30,4.40,2.80,1.20,2.30,3.40,1.80,2.90,4.00,2.40,2.15,3.25,3.00,1.40,2.50,3.60,2.00,3.10,4.20,2.60,1.00,2.10,3.20,4.30
1,-9.00,5.83,2.67,4.00,5.33,6.67,8.00,4.83,1.67,3.00,4.33,5.67,7.00,3.83,5.17,2.00,3.33,4.67,6.00,7.33,4.17,1.00,2.33,3.67,5.00,6.33,3.17
1,-9.00,6.67,4.33,2.00,6.42,6.33,4.00,1.67,3.83,6.00,3.67,1.33,8.00,5.67,3.33,1.00,7.67,5.33,3.00,5.17,7.33,5.00,2.67,2.58,7.00,4.67,2.33
1,-9.00,3.67,1.33,2.00,2.67,3.33,4.00,4.67,5.33,6.00,6.67,4.33,8.00,2.67,6.33,1.00,4.67,2.33,3.00,3.67,4.33,5.00,5.67,6.33,7.00,7.67,5.33
1,-9.00,7.00,5.00,3.00,1.00,6.50,6.00,4.00,2.00,3.00,4.00,5.00,3.00,4.00,5.00,6.00,4.00,5.00,6.00,7.00,5.00,3.00,2.50,8.00,6.00,4.00,2.00
1,-5.40,3.40,2.08,3.45,4.15,3.50,1.50,2.20,2.90,2.25,1.60,3.65,3.00,1.00,4.40,2.40,1.75,3.80,3.15,2.50,3.20,3.90,1.90,1.25,1.95,3.33,2.00
1,-6.75,4.75,2.75,2.44,5.50,3.50,3.19,2.88,4.25,2.25,5.31,5.00,3.00,1.00,5.75,3.75,1.75,1.44,4.50,2.50,3.88,3.56,3.25,1.25,4.31,4.00,2.00
1,-4.85,1.46,2.92,1.62,1.00,2.46,3.23,2.62,2.00,1.62,2.15,3.62,1.62,1.69,3.15,3.23,1.23,2.69,3.23,2.85,2.23,1.62,2.38,3.85,3.23,1.92,3.38
1,-6.00,2.00,1.00,3.00,2.00,4.00,3.00,2.00,4.00,2.00,2.00,2.00,3.00,2.00,4.00,3.00,4.00,4.00,4.00,2.00,4.00,3.00,2.00,4.00,3.00,5.00,4.00
1,-5.40,3.20,1.00,2.40,2.00,3.40,1.20,4.40,2.20,1.80,3.20,1.00,2.40,2.00,3.40,3.00,4.40,2.20,3.60,3.20,1.00,4.20,2.00,3.40,3.00,4.40,2.20
1,-9.00,3.25,6.50,3.00,4.00,5.00,6.00,7.00,8.00,4.50,5.50,2.00,3.00,4.00,5.00,6.00,7.00,3.50,4.50,1.00,2.00,3.00,4.00,5.00,6.00,2.50,5.75
1,-6.75,3.50,3.63,3.75,3.88,4.00,4.13,4.25,1.00,4.50,4.63,4.75,4.88,1.63,5.13,1.88,2.00,2.13,2.25,5.75,2.50,2.63,2.75,2.88,3.00,3.13,3.25
1,-9.00,5.00,1.00,1.50,2.00,2.50,3.00,3.50,4.00,4.50,5.00,5.50,6.00,2.00,7.00,3.00,3.50,4.00,4.50,5.00,5.50,6.00,6.50,7.00,7.50,8.00,4.00
2,-9.00,5.33,1.67,7.00,3.33,4.17,5.00,5.83,6.67,3.00,6.08,4.67,1.00,6.33,2.67,8.00,4.33,2.92,6.00,2.33,3.17,4.00,4.83,5.67,2.00,7.33,3.67
1,-9.00,3.67,5.83,5.00,2.67,6.33,1.00,3.17,5.33,6.00,3.67,5.83,2.00,2.67,6.33,7.00,3.17,5.33,3.00,3.67,5.83,8.00,2.67,6.33,4.00,3.17,5.33
2,-9.00,5.50,2.00,3.00,4.00,5.00,6.00,7.00,8.00,4.50,1.00,2.00,3.00,4.00,5.00,6.00,7.00,8.00,4.50,1.00,2.00,3.00,4.00,5.00,6.00,7.00,3.50
1,-6.75,4.00,1.25,5.25,2.50,4.81,3.75,1.00,5.00,2.25,2.88,3.50,4.13,4.75,2.00,2.63,3.25,3.88,4.50,1.75,5.75,3.00,1.94,4.25,1.50,5.50,2.75
1,-9.00,4.00,5.00,3.00,1.00,5.00,6.00,4.00,2.00,6.00,5.50,5.00,3.00,2.50,6.50,6.00,4.00,3.50,3.00,7.00,5.00,3.00,4.00,8.00,6.00,4.00,5.00
1,-4.50,2.50,1.25,3.00,1.00,3.50,1.50,1.75,2.00,3.00,2.50,2.75,3.00,1.00,3.50,1.50,1.75,2.00,1.50,2.50,2.75,3.00,1.00,3.50,1.50,3.25,2.00
1,-7.11,5.16,4.63,4.11,5.00,3.05,2.53,2.00,4.32,2.37,6.11,5.58,3.63,3.11,4.00,3.47,1.53,1.00,4.74,2.79,5.11,4.58,4.05,2.11,3.00,2.47,1.95
1,-9.00,5.50,6.50,3.00,4.00,5.00,1.50,7.00,3.50,4.50,1.00,6.50,3.00,4.00,5.00,6.00,2.50,8.00,4.50,5.50,2.00,7.50,4.00,5.00,6.00,2.50,3.50
1,-6.75,4.25,3.44,4.31,3.50,1.00,5.25,2.75,5.31,4.50,2.00,2.88,3.75,1.25,5.50,3.00,3.88,4.75,2.25,1.44,4.00,1.50,5.75,3.25,2.44,3.31,2.50
1,-9.00,7.00,5.00,3.00,1.00,5.00,6.00,4.00,2.00,3.00,7.00,5.00,3.00,1.00,8.00,6.00,4.00,2.00,6.00,7.00,5.00,3.00,4.00,8.00,6.00,4.00,2.00
1,-6.75,5.00,3.25,1.50,4.81,4.75,3.00,1.25,2.88,4.50,2.75,1.00,2.63,4.25,2.50,4.13,5.75,4.00,2.25,3.88,5.50,3.75,2.00,1.94,5.25,3.50,1.75
1,-5.40,3.80,2.20,4.20,4.40,2.80,3.00,4.40,3.40,1.80,3.20,4.00,2.40,2.00,3.40,3.00,1.40,2.20,3.60,2.00,1.00,2.40,2.60,1.00,1.20,3.20,1.60
1,-9.00,6.33,3.67,4.00,5.83,3.17,8.00,5.33,2.67,3.00,6.33,3.67,7.00,4.33,4.67,2.00,5.33,2.67,6.00,6.33,3.67,1.00,5.83,3.17,5.00,5.33,2.67
1,-5.62,3.33,1.04,1.00,2.08,2.04,2.00,3.08,3.04,1.87,4.08,2.92,2.31,3.96,1.67,3.31,2.71,1.54,3.75,2.58,2.54,3.62,3.58,3.54,4.62,4.58,2.29
1,-9.00,5.00,4.00,6.00,2.00,7.00,3.00,8.00,4.00,3.00,5.00,1.00,6.00,2.00,7.00,3.00,8.00,4.00,6.00,5.00,1.00,6.00,2.00,7.00,3.00,5.00,4.00
2,-9.00,1.00,2.00,3.00,4.00,5.00,6.00,7.00,3.50,4.50,5.50,6.50,7.50,4.00,5.00,1.50,2.50,3.50,4.50,5.50,2.00,3.00,4.00,5.00,6.00,7.00,8.00
17,-27.00,5.00,10.00,15.00,20.00,25.00,3.00,8.00,13.00,18.00,23.00,1.00,6.00,11.00,16.00,21.00,26.00,4.00,9.00,14.00,19.00,24.00,2.00,7.00,12.00,17.00,22.00
1,-9.00,3.33,6.67,1.00,4.33,1.67,2.00,2.33,2.67,3.00,3.33,3.67,4.00,4.33,4.67,5.00,5.33,5.67,6.00,6.33,6.67,7.00,7.33,4.67,8.00,2.33,5.67
4,-9.00,2.00,4.00,6.00,8.00,5.50,3.00,5.00,7.00,4.50,2.00,4.00,6.00,8.00,1.00,3.00,5.00,7.00,4.50,2.00,4.00,6.00,3.50,1.00,3.00,5.00,7.00
1,-6.75,5.50,4.25,3.00,1.75,2.75,2.63,4.75,3.50,2.25,1.00,5.38,5.25,4.00,2.75,1.50,1.38,5.75,4.50,3.25,2.00,4.13,4.00,5.00,3.75,2.50,1.25
1,-9.00,7.00,5.00,3.00,1.00,2.00,6.00,4.00,2.00,3.00,4.00,5.00,3.00,4.00,5.00,6.00,4.00,5.00,6.00,7.00,5.00,3.00,7.00,8.00,6.00,4.00,2.00
1,-6.75,1.63,3.25,1.50,3.13,4.75,3.00,4.63,4.56,4.50,4.44,1.00,2.63,4.25,2.50,4.13,5.75,2.31,2.25,2.19,2.13,3.75,2.00,3.63,5.25,3.50,5.13
6,-13.50,4.00,8.00,12.00,2.50,6.50,10.50,1.00,5.00,9.00,6.25,3.50,7.50,11.50,2.00,6.00,10.00,7.25,4.50,8.50,12.50,3.00,7.00,11.00,1.50,5.50,9.50
1,-3.00,1.00,2.00,2.00,2.00,1.00,2.00,2.00,2.00,1.00,2.00,2.00,2.00,2.00,1.00,1.00,1.00,1.00,2.00,1.00,1.00,1.00,2.00,1.00,1.00,1.00,2.00
1,-6.75,1.63,3.25,4.88,3.13,4.75,3.00,4.63,2.88,2.25,2.75,1.00,2.63,4.25,2.50,4.13,5.75,4.00,4.50,3.88,2.13,3.75,2.00,3.63,1.88,3.50,5.13
1,-6.75,2.75,2.13,4.88,4.25,3.63,3.00,5.75,1.75,4.50,3.88,3.25,4.31,2.00,4.75,2.44,3.50,2.88,2.25,5.00,1.00,3.75,3.13,2.50,1.88,4.63,4.00
1,-9.00,8.00,7.00,6.00,5.00,4.00,3.00,2.00,1.00,4.50,3.50,7.00,6.00,5.00,4.00,3.00,2.00,5.50,4.50,8.00,7.00,6.00,5.00,4.00,3.00,2.00,1.00
1,-4.91,2.09,1.73,1.36,1.00,3.09,2.73,2.36,2.00,2.86,3.73,3.36,1.77,3.86,1.05,3.14,1.55,1.18,2.05,2.91,2.55,2.18,1.82,3.91,3.55,3.18,2.82
1,-9.00,4.00,3.50,3.00,7.00,2.00,6.00,2.50,5.00,6.00,4.00,8.00,3.00,7.00,2.00,6.00,1.00,5.00,3.00,4.00,6.50,3.00,7.00,2.00,6.00,5.50,5.00
1,-9.00,1.67,3.33,5.00,6.67,5.33,1.00,2.67,4.33,6.00,7.67,6.33,2.00,3.67,5.33,7.00,2.67,1.33,3.00,4.67,6.33,8.00,3.67,2.33,4.00,5.67,7.33
2,-13.50,12.50,11.50,10.50,9.50,8.50,7.50,6.50,5.50,4.50,10.25,9.25,8.25,7.25,6.25,5.25,4.25,3.25,9.00,8.00,7.00,6.00,5.00,4.00,3.00,2.00,1.00
1,-5.40,2.50,2.30,2.10,2.80,4.40,4.20,1.30,3.80,1.80,3.40,3.20,3.00,2.80,2.60,2.40,2.20,2.00,3.60,1.60,4.10,1.20,1.00,2.60,3.30,3.10,2.90
1,-6.75,1.44,2.88,4.31,5.75,5.50,5.25,5.00,4.75,4.50,4.25,4.00,3.75,3.50,3.25,3.00,2.75,2.50,2.25,2.00,1.75,1.50,1.25,1.00,2.44,3.88,5.31
1,-13.50,11.50,9.50,7.50,5.50,3.50,8.25,6.25,4.25,9.00,7.00,5.00,3.00,1.00,12.50,10.50,8.50,6.50,4.50,9.25,7.25,5.25,10.00,8.00,6.00,4.00,2.00
1,-5.40,3.10,2.15,1.20,4.30,2.00,2.40,2.80,3.20,3.60,1.30,4.40,2.10,2.50,2.90,3.30,1.00,4.10,1.80,2.20,2.60,3.00,3.40,1.10,4.20,3.25,2.30
1,-9.00,3.67,7.33,2.00,5.67,4.83,4.00,3.17,2.33,6.00,2.92,4.33,8.00,2.67,6.33,1.00,4.67,6.08,3.00,6.67,5.83,5.00,4.17,3.33,7.00,1.67,5.33
1,-3.00,2.00,1.00,2.00,2.00,2.00,1.00,1.00,1.00,2.00,2.00,1.00,2.00,2.00,1.00,1.00,2.00,1.00,1.00,2.00,2.00,2.00,1.00,1.00,1.00,2.00,1.00
1,-10.80,5.80,6.20,6.60,7.00,2.00,7.80,2.80,3.20,3.60,4.00,9.80,4.80,5.20,5.60,6.00,1.00,6.80,7.20,7.60,8.00,3.00,8.80,3.80,4.20,4.60,5.00
1,-3.00,2.00,2.00,1.00,1.00,1.00,2.00,2.00,1.00,2.00,2.00,1.00,2.00,1.00,2.00,1.00,2.00,1.00,1.00,2.00,1.00,1.00,2.00,2.00,2.00,1.00,1.00
1,-9.00,4.67,4.83,5.00,5.17,5.33,1.00,5.67,5.83,6.00,1.67,6.33,2.00,2.17,6.83,7.00,2.67,7.33,3.00,3.17,3.33,8.00,3.67,3.83,4.00,4.17,4.33
1,-6.75,1.25,2.50,3.75,5.00,2.88,4.13,2.00,3.25,4.50,5.75,1.94,1.50,2.75,4.00,5.25,4.81,1.00,2.25,3.50,4.75,2.63,3.88,1.75,3.00,4.25,5.50
3,-9.00,4.00,8.00,3.00,7.00,2.00,6.00,1.00,5.00,3.00,4.00,8.00,3.00,7.00,2.00,6.00,1.00,5.00,6.00,4.00,8.00,3.00,7.00,2.00,6.00,1.00,5.00
2,-9.00,5.00,1.00,6.00,2.00,2.50,3.00,3.50,4.00,4.50,5.00,5.50,1.50,6.50,2.50,7.50,3.50,4.00,4.50,5.00,5.50,6.00,6.50,7.00,3.00,8.00,4.00
1,-9.00,3.50,2.50,6.00,5.00,4.00,3.00,6.50,1.00,4.50,3.50,7.00,6.00,5.00,4.00,3.00,2.00,5.50,4.50,8.00,2.50,6.00,5.00,4.00,3.00,6.50,5.50
1,-6.17,2.17,4.34,3.43,3.29,1.60,3.00,5.17,1.94,4.11,3.20,2.29,1.37,2.00,4.17,4.80,3.89,2.97,2.06,4.23,1.00,3.17,4.57,2.89,2.74,1.83,4.00
1,-3.00,2.00,2.00,1.00,1.00,1.00,1.00,2.00,2.00,2.00,2.00,1.00,2.00,2.00,1.00,1.00,2.00,1.00,1.00,1.00,1.00,2.00,2.00,2.00,2.00,1.00,1.00
1,-9.00,7.00,5.00,3.00,2.50,3.50,6.00,4.00,2.00,6.00,7.00,5.00,3.00,1.00,8.00,6.00,4.00,2.00,3.00,7.00,5.00,3.00,5.50,6.50,6.00,4.00,2.00
17,-27.00,23.00,19.00,15.00,11.00,7.00,3.00,26.00,22.00,18.00,14.00,10.00,6.00,2.00,25.00,21.00,17.00,13.00,9.00,5.00,1.00,24.00,20.00,16.00,12.00,8.00,4.00
1,-9.00,2.67,5.33,8.00,1.67,4.33,7.00,3.67,3.33,6.00,2.67,2.33,5.00,7.67,1.33,4.00,6.67,6.33,3.00,5.67,5.33,2.00,4.67,7.33,1.00,3.67,6.33
1,-6.75,3.25,3.13,3.00,2.88,2.75,4.31,2.50,5.75,2.25,5.50,2.00,1.88,1.75,5.00,4.88,4.75,1.25,4.50,1.00,4.25,2.44,4.00,3.88,3.75,3.63,3.50
1,-7.71,2.71,2.86,4.29,5.71,2.00,4.71,2.29,3.71,5.14,4.00,6.71,1.71,3.14,4.57,6.00,1.00,3.71,2.57,4.00,5.43,3.00,5.71,2.00,3.43,4.86,5.00
1,-6.75,3.25,5.15,3.00,3.55,2.75,1.95,2.50,5.75,2.25,5.50,2.00,3.90,1.75,5.00,2.85,4.75,1.25,4.50,1.00,4.25,4.80,4.00,3.20,3.75,1.60,3.50
1,-5.40,2.80,2.90,3.00,1.75,1.85,1.95,3.40,3.50,3.60,1.00,3.80,3.90,4.00,1.40,1.50,1.60,4.40,1.80,1.90,2.00,3.45,3.55,3.65,2.40,2.50,2.60
1,-13.50,2.00,4.00,6.00,8.00,10.00,5.25,7.25,2.50,4.50,6.50,8.50,10.50,12.50,1.00,3.00,5.00,7.00,9.00,11.00,6.25,8.25,3.50,5.50,7.50,9.50,11.50
1,-6.30,2.63,5.27,4.30,4.23,3.27,3.20,2.23,3.07,2.10,2.03,2.87,1.00,1.83,4.47,5.30,3.43,4.27,4.20,3.23,4.07,3.10,3.03,2.07,2.00,1.03,3.67
1,-9.00,5.50,2.00,3.00,4.00,5.00,6.00,4.00,8.00,6.00,2.50,2.00,3.00,4.00,5.00,6.00,7.00,6.50,3.00,1.00,5.00,3.00,4.00,5.00,6.00,7.00,3.50
1,-9.00,4.67,6.33,5.00,3.67,5.33,1.00,5.67,1.33,6.00,1.67,6.33,2.00,6.67,2.33,7.00,2.67,7.33,3.00,7.67,3.33,8.00,3.67,5.33,4.00,2.67,4.33
1,-9.00,7.33,5.67,4.00,2.33,2.47,8.00,6.33,4.67,3.00,4.93,3.27,7.00,5.33,3.67,2.00,5.73,4.07,6.00,4.33,2.67,1.00,6.53,6.67,5.00,3.33,1.67
5,-13.50,11.00,8.50,6.00,3.50,1.00,5.25,9.50,7.00,4.50,2.00,6.25,10.50,8.00,5.50,3.00,7.25,11.50,9.00,6.50,4.00,8.25,12.50,10.00,7.50,5.00,2.50
1,-9.00,8.00,7.00,6.00,5.00,4.00,3.00,2.00,7.00,6.00,5.00,4.00,6.00,5.00,4.00,3.00,5.00,4.00,3.00,2.00,7.00,6.00,5.00,4.00,3.00,2.00,1.00
1,-3.00,1.00,2.00,2.00,1.00,2.00,1.00,2.00,1.00,1.00,2.00,2.00,2.00,2.00,1.00,1.00,1.00,1.00,2.00,2.00,1.00,2.00,1.00,2.00,1.00,1.00,2.00
3,-13.50,7.25,1.00,1.50,2.00,2.50,3.00,3.50,4.00,4.50,5.00,5.50,6.00,6.50,7.00,7.50,8.00,8.50,9.00,9.50,10.00,10.50,11.00,11.50,12.00,12.50,6.25
1,-4.85,2.56,3.74,2.85,3.33,3.13,2.92,2.72,2.51,1.62,1.41,3.28,1.00,3.56,1.28,3.85,1.56,3.44,3.23,2.33,2.13,1.92,1.72,1.51,2.00,1.10,2.28
1,-13.50,8.00,9.25,10.50,5.00,6.25,7.50,2.00,3.25,4.50,12.50,7.00,8.25,9.50,4.00,5.25,6.50,1.00,9.00,10.25,11.50,6.00,7.25,8.50,3.00,4.25,5.50
1,-4.50,1.58,3.17,2.50,1.83,3.42,2.75,2.08,1.42,3.00,2.33,1.67,1.00,1.46,3.04,3.50,2.83,2.17,1.50,3.08,2.42,1.75,1.08,2.67,2.00,1.33,2.92
1,-6.75,5.75,4.75,3.75,2.75,1.75,5.25,4.25,5.50,4.50,3.50,2.50,3.75,2.75,4.00,3.00,4.25,3.25,2.25,1.25,2.50,1.50,5.00,4.00,3.00,2.00,1.00
2,-6.00,2.67,2.33,2.00,4.67,1.33,4.00,3.67,3.33,3.00,2.67,2.33,5.00,4.67,1.33,1.00,3.67,3.33,3.00,2.67,2.33,2.00,4.67,1.33,4.00,3.67,3.33
1,-9.00,5.50,6.50,3.00,4.00,5.00,1.50,2.50,8.00,4.50,5.50,2.00,3.00,4.00,5.00,6.00,7.00,3.50,4.50,1.00,6.50,7.50,4.00,5.00,6.00,2.50,3.50
9,-9.00,2.00,4.00,6.00,8.00,1.00,3.00,5.00,7.00,6.00,2.00,4.00,6.00,8.00,1.00,3.00,5.00,7.00,3.00,2.00,4.00,6.00,8.00,1.00,3.00,5.00,7.00
1,-4.50,1.17,2.33,2.00,1.67,2.83,1.75,2.17,3.33,1.50,1.17,2.33,3.50,1.67,2.83,1.00,2.17,3.33,3.00,1.17,2.33,2.75,1.67,2.83,2.50,2.17,3.33
1,-9.00,6.67,4.33,2.00,4.17,1.83,4.00,6.17,3.83,6.00,3.67,3.58,8.00,5.67,3.33,1.00,5.42,5.33,3.00,5.17,2.83,5.00,7.17,4.83,7.00,4.67,2.33
2,-9.00,4.00,2.00,3.00,4.00,5.00,6.00,7.00,8.00,3.00,1.00,2.00,3.00,4.00,5.00,6.00,7.00,8.00,6.00,1.00,2.00,3.00,4.00,5.00,6.00,7.00,5.00
2,-13.50,6.25,12.50,5.25,11.50,4.25,10.50,10.00,9.50,9.00,8.50,8.00,7.50,7.00,6.50,6.00,5.50,5.00,4.50,4.00,3.50,3.00,9.25,2.00,8.25,1.00,7.25
1,-5.40,4.40,3.40,3.75,2.75,1.75,3.45,3.80,4.15,3.15,2.15,2.50,1.50,3.20,2.20,3.90,2.90,3.25,2.25,1.25,1.60,1.95,3.65,2.65,1.65,2.00,1.00
1,-9.00,4.00,8.00,3.00,7.00,2.00,6.00,1.00,5.00,4.50,4.00,3.50,3.00,7.00,2.00,6.00,5.50,5.00,4.50,4.00,8.00,3.00,7.00,2.00,6.00,1.00,5.00
1,-5.40,2.60,3.85,2.40,2.30,2.20,2.10,2.00,1.90,1.80,4.40,2.95,4.20,1.40,4.00,1.20,2.45,1.00,3.60,3.50,3.40,3.30,3.20,3.10,3.00,1.55,2.80
1,-9.00,4.17,3.83,8.00,3.17,6.21,7.00,2.17,6.33,6.00,3.42,5.33,5.00,4.67,4.33,4.00,3.67,5.58,3.00,2.67,6.83,2.00,2.79,5.83,1.00,5.17,4.83
2,-13.50,3.50,7.00,10.50,7.25,4.00,7.50,11.00,1.00,4.50,8.00,11.50,8.25,5.00,8.50,5.25,2.00,5.50,9.00,12.50,2.50,6.00,9.50,6.25,3.00,6.50,10.00
1,-9.00,5.50,6.50,3.00,4.00,5.00,6.00,7.00,3.50,4.50,1.00,6.50,3.00,4.00,5.00,6.00,2.50,8.00,4.50,5.50,2.00,3.00,4.00,5.00,6.00,2.50,3.50
1,-9.00,4.67,4.83,5.00,5.17,5.33,1.00,5.67,1.33,6.00,1.67,6.33,2.00,6.67,2.33,7.00,2.67,7.33,3.00,7.67,3.33,8.00,3.67,3.83,4.00,4.17,4.33
1,-13.50,11.50,9.50,7.50,5.50,3.50,8.25,6.25,11.00,9.00,7.00,5.00,3.00,1.00,12.50,10.50,8.50,6.50,4.50,2.50,7.25,5.25,10.00,8.00,6.00,4.00,2.00
1,-3.00,2.00,1.00,2.00,1.00,2.00,2.00,1.00,2.00,1.00,1.00,2.00,1.00,2.00,1.00,2.00,1.00,2.00,2.00,1.00,2.00,1.00,1.00,2.00,1.00,2.00,1.00
1,-9.00,4.00,5.00,3.00,4.00,8.00,6.00,4.00,2.00,3.00,7.00,5.00,3.00,7.00,2.00,6.00,4.00,2.00,6.00,7.00,5.00,3.00,1.00,5.00,6.00,4.00,5.00
2,-9.00,3.50,7.00,6.00,5.00,4.00,3.00,2.00,1.00,4.50,8.00,7.00,6.00,5.00,4.00,3.00,2.00,1.00,4.50,8.00,7.00,6.00,5.00,4.00,3.00,2.00,5.50
1,-3.00,1.00,2.00,2.00,1.00,2.00,2.00,2.00,2.00,1.00,1.00,2.00,2.00,1.00,2.00,1.00,1.00,2.00,2.00,1.00,1.00,1.00,1.00,2.00,1.00,1.00,2.00
1,-6.75,4.75,2.75,4.13,5.50,3.50,1.50,4.00,4.25,2.25,1.38,5.00,3.00,1.00,5.75,3.75,1.75,5.38,4.50,2.50,2.75,5.25,3.25,1.25,2.63,4.00,2.00
1,-9.00,4.33,4.17,4.00,6.08,3.67,8.00,5.58,3.17,3.00,5.08,2.67,7.00,6.83,2.17,2.00,6.33,3.92,6.00,5.83,3.42,1.00,5.33,2.92,5.00,4.83,4.67
